0.00012552131530850104
0.0
0.0
0.00022289610877113358
0.0
0.00018747872564760554
0.0
0.0
0.0
0.0
0.0
0.0
0.003102432827027137
0.0
0.0
0.0
7.96674411686782e-05
0.0
0.0
0.0
0.00011770829069964046
0.0
0.0
0.0
0.0
0.001054318016888412
0.00013873735014553412
0.0001378990645560349
0.0
6.934116080422203e-05
0.0
4.11348864474163e-05
0.0008481126950106673
0.00010791291319760871
0.0
0.00011770653243105996
0.0001861891076789536
0.0
0.0
0.0
0.0
0.0
0.0
0.0
0.0
0.0
0.00025717130198043176
0.00021985067940377093
0.0
0.0
0.0
0.00028282100419617547
0.001011028323308934
0.000819573379542349
0.0
0.0
0.0
0.0
0.00017610592734895
0.0
0.0
0.0
0.0
0.0
0.0
0.0
0.0
0.0003684632552104595
0.0
0.0
0.0005625674203014884
0.0
0.0
0.0
0.0
0.00022372955876005787
0.0
0.0
0.0010842602384876722
0.0
7.099776513619384e-05
0.0
0.0
0.0
0.0
2.998079309775515e-05
0.0
0.0
0.0
0.0
0.0
0.0
0.0
0.0
0.00028319941366993233
0.0
0.0
5.428153862980843e-05
0.0
0.0
0.0
0.0
0.0
0.0
0.0
0.0
0.0
0.0
3.424942825407398e-05
0.0
0.0
0.0
0.0001352918683384006
0.0
0.000307130272058391
0.0
0.0
0.0
0.00010354364298488956
0.0
0.0
0.0
0.0
5.33119421274379e-05
0.00022141913980519437
0.0005249956228231336
4.906793130474175e-05
7.411860572990887e-05
0.0002465740622214335
0.0
0.0
0.0
0.0
0.0
2.9129132088770858e-05
0.0
0.0
0.0
3.2242965612434838e-06
9.290334298282579e-05
0.0
0.0002672700107585823
0.0
0.0
5.219114518040509e-05
0.0
0.0
0.0002750268997466556
0.0
0.0
0.0
0.00012361802218017787
7.756455690783314e-05
0.0
0.0
0.0
0.0
0.0
0.0
8.351477207539193e-05
0.0
0.0
0.0
0.0
0.0
0.0
0.0
0.0005657691880667791
0.0
0.0
0.0
0.0
0.0
0.0009157417414848587
0.0
7.60608923578228e-05
0.0
0.0
9.950137869502977e-05
0.0
0.0
0.0
5.517674570166997e-05
0.0
7.24479454454171e-05
0.0002473575794069854
0.00016873714762106464
0.00041815902112960645
0.0
0.0001556589384382296
0.0
0.0
0.0
9.247567582236717e-05
0.0
0.0
0.0
0.0
0.0
0.0
0.000648215944884473
0.0
0.0
3.482909124810833e-05
0.0
0.0
0.0006653112955661228
0.0
0.00013408334530906428
0.0
0.0
0.00012892674006381925
0.0
0.00012824051591481413
5.525860958611232e-05
0.0004718742895711726
0.0
8.044718531446941e-05
0.0
0.0
0.0
0.0
0.0
0.0
0.0
0.0
0.0014291045635461165
3.357160588224727e-05
4.33813500649607e-05
0.0
0.0
0.0001578790253506129
0.0007584891196747975
0.0
0.0
9.322476352347565e-05
8.375611202894652e-05
0.0005730559100823604
1.128842009361224e-05
0.0
0.0
0.0
0.0
0.00022618557090733663
0.0007179881987073322
5.89885984863985e-05
4.469368330555489e-05
1.0356071112845813e-05
0.0
0.00020392365796525797
0.0
4.9939531936984434e-05
0.0
0.0001831037933376508
0.0
0.0002907969005411681
0.00021539815837614198
0.0
0.0002607051562791755
4.37788372256117e-05
0.0
0.0
0.00013921308808906402
0.0
5.5503795415380304e-05
0.0
0.00016524165256870903
0.00024175841490844263
0.0
5.1588680174388505e-06
0.0001725825880274755
0.0
0.0
0.0
0.0
0.0
0.00030221713117979085
0.0
0.0002799038396571035
0.0
0.0
0.0
4.430397955579612e-05
8.65204740025461e-05
0.0
4.371574827304304e-05
0.0
0.0
0.0
0.0
0.0001573003535535541
0.0
0.0001533238960469107
3.0122904451451153e-05
0.0002748246897028581
0.0
0.0
0.0
0.00034845460042402457
0.0
3.1994163569371784e-05
6.12832649128347e-06
0.00020338295486239754
0.0002534907446900813
0.0
0.0
0.0
0.0
6.620276445877855e-06
0.000270717388238286
0.00027179436387340505
0.00019886076141243056
0.0002045107332452875
0.0
0.0
0.0
0.00015322364883939358
4.067722759106543e-05
6.07401401884644e-05
0.0
0.0
0.0
0.0
0.0
0.0
0.0
8.361599555894613e-06
3.130913700848067e-05
0.00021918213177426322
1.9803681339192978e-05
0.0
0.00016944636531759444
0.0
7.05965782743207e-05
0.0
0.0
0.0
0.0
0.0
0.0005134648630566495
0.00021533427316233926
0.0
0.00016617214298442456
2.3662251019746728e-05
0.000831245029662943
0.0
0.0
0.0
0.0
0.0
0.0
0.0
0.00039938589200658983
0.0
0.0007629143779462999
0.0
1.784618834861348e-05
2.077201530322298e-05
0.00012639762990789948
0.0
0.0
0.0001897883209386666
0.0
7.184936581897259e-05
9.363681237802392e-05
6.709798227192515e-05
0.0
0.00014196703496266832
0.00026823116799581123
0.0001124628041276749
0.0
0.0001024692809169767
0.0
0.0
0.0
0.0004963341757964222
9.545008316974999e-05
0.0
0.0
0.0
0.0
0.0
7.488506955146134e-05
0.0
0.0
0.0
0.0
0.0
0.0
0.0
0.0
0.0
0.0
0.00058067548529854
0.0
0.0
0.0
0.0
0.0
6.436379877936804e-05
0.0
7.137183683401969e-05
0.0
0.0
0.0
0.0
0.0
0.0
0.0
0.0
0.0
0.0
0.0
0.0
1.7434464537124384e-05
0.0
0.0
0.0
8.966040553426041e-05
3.7172836954246945e-05
0.0
0.0002156252267002277
0.0
0.0
0.0
0.0
0.0
0.000227484535215951
0.0
0.0
0.0
0.0
0.0
0.0
3.747805253569287e-05
0.0
0.0
0.0
0.0
0.0
0.0
0.0005004746765553513
0.0
0.0
0.0
0.000658487173390561
0.0
0.0
0.0
3.661012874570454e-05
0.0
0.0
0.0
0.0
0.00033193058712109065
0.0004545951597882901
0.0
0.0
0.0
5.4215588835783594e-05
4.634193512114498e-05
4.2058889390558863e-05
0.00032820211899147524
0.0
0.0
0.0
0.0
0.0
0.0
0.0
2.021477697275215e-05
0.0
0.0
0.0
0.0004121060933905951
0.0
7.180960113158337e-05
0.0
0.0
0.00019549448830969004
0.0
2.8338050700616217e-05
0.0001090360947937193
0.0
0.00019895996285953577
0.00015638164273584207
0.0
7.372813753093026e-05
0.0
0.0
0.0
0.0
0.0
0.0
0.0008640922350526057
9.216743447708809e-06
0.0
0.0001378795224783371
0.0
2.1762399805580945e-05
8.83487515856437e-05
0.0005129575306395468
0.00023760041305891355
0.00011513257988099763
0.0
0.00014201679826199992
0.0
0.0
3.238444420410712e-05
1.1895065770003544e-05
1.7856351631159894e-06
4.728768889912753e-07
0.0
7.253692025680001e-05
4.146439346990464e-05
0.0
0.0005111568415887346
7.948910540049729e-05
8.650152442361278e-05
2.767622311253958e-05
0.0
0.00031456257584372985
0.0
0.0
0.00015588249974139956
0.0006084331868767848
0.0
0.0
0.0
0.0
0.0
0.00012761818939960372
0.0008198647016791412
0.0
0.0
0.00015924794724049665
0.0
2.3634659394976912e-05
0.0
0.0
0.0
0.0
0.00038745129526294916
4.973871862676133e-05
9.157238818416317e-05
0.00013391936043454736
0.0
0.0
0.00029083644567446597
0.00010841484122942903
0.0015824941305367854
0.0
0.00042748909785994674
1.776444909146395e-05
7.691196467284015e-06
0.0
0.00020923154851222248
3.950329185223187e-05
6.478622325527679e-05
0.0004319816342623115
0.0
3.34153989602006e-05
5.929730784298708e-05
4.9645498253780204e-05
7.210040487984912e-05
0.0
0.0
0.0
8.304837837063583e-05
0.0
0.0
4.634193512114498e-05
0.0
0.00033177223508374883
0.00027565128159243965
0.0
0.0
2.7607531214797778e-05
0.0
0.0
0.0002582376284301962
1.608725521333642e-05
5.258988557419915e-05
7.917958125483968e-05
0.0
0.00018230061923835229
0.0
0.0
4.634193512114498e-05
0.00034536682819414364
0.0
2.13093063324284e-05
0.0
0.0002613609523011332
0.0
0.00019563087018969452
0.00015224899359344928
0.0
7.049486428188619e-05
0.0
0.0
0.0
0.0
0.00016306669443561702
0.0
0.0
0.0003031151270308825
0.0
0.0
0.0
0.0021298122918303607
0.0
0.0005117677823022857
1.7410895300775934e-06
0.00017923938973275365
3.625492799420604e-05
1.2072790149598365e-05
0.0
0.000157702161341878
8.672708217928566e-05
0.00016387890615323823
0.00019951735953190587
0.0
0.0
0.0
0.0005076962859467352
0.0
0.0
0.0003185927958640785
0.00022271354669412197
0.0017202910222147878
0.0003100474684773921
0.00030750376560800515
0.0005942800331533636
0.0
0.0
0.0
0.0005447545476063175
0.0
0.0001687365423594248
0.0
0.0
0.0
0.0
0.0
2.0081505219162827e-05
1.9892449552366577e-05
0.0
0.0
0.0
0.0
0.00016270916375242907
0.0
0.0
0.0
0.0
0.0005066906124294649
5.184626671353825e-06
0.0
2.8481226287575657e-05
0.0002719732454352385
0.00011169617955633094
0.0
9.315674713128124e-05
0.00012671799783160455
0.0
0.0
0.0
0.0001491515110710801
0.00012628907845696922
0.0
0.00017559397437904355
0.00011930939591032427
0.0
0.0
3.432889306577399e-05
0.0
0.0
0.00024341418072031782
0.0
0.0
0.0
0.0005348489321831068
0.0
0.0
5.969110621658305e-05
0.0
0.00016541323442222634
1.7627972853662872e-05
0.0
0.001391119361630398
7.964192534802018e-05
3.8866130020065234e-05
0.00016481933620865163
0.0
0.0
0.0
7.358126968242419e-05
0.00011814783833531078
0.00020693614011511207
9.087040762528814e-05
0.000528612268621103
0.0
0.0
0.0
0.0001179900209255589
0.0
0.0
0.0
8.542666535746488e-05
0.0
0.0
8.91191060022019e-07
0.00011253291855101251
0.0
0.0
0.0003562744203790465
0.00044887580885326464
0.0002629894657486428
0.0
0.00011346888606872342
0.0
0.0005632389296519264
5.104574202424926e-05
0.0
2.9953192896147195e-05
0.0
0.0001131019478441117
0.0
0.0
0.0002084335127444194
0.0
6.477441331245686e-05
0.0
0.0
0.00017594208128321153
0.0
0.0
0.000125466312642017
3.859890959308152e-05
0.0
3.708788388640442e-05
0.0
0.00025797985666460625
0.0
0.0
0.0
0.0
0.0
0.0003246857098402294
0.0002707505223193911
0.0006624237397599535
8.034339570080586e-05
0.0
0.0
0.0
0.00012686614987509834
0.0
0.00015816433131930302
0.0002434228166795686
0.0
0.0
0.0
0.0
0.00010630042575229402
0.0
0.0
0.0
0.0
0.0001011499916200689
0.0
0.0
0.0
0.0008403405775050636
0.0
0.00017816087967737236
1.0620128635434209e-05
0.00015914420773952876
0.0
0.00011133486269649368
0.0
2.9672537281609924e-06
0.0003548842177791463
6.751025494455262e-05
0.00037153777242293276
2.6872147439981276e-06
0.0
0.0008190921844294567
2.059620018394597e-05
0.0001059735042015318
0.0
7.195761935802556e-05
0.00020318479474766874
0.00014452781854594897
0.00011680425893140921
0.0
0.0
0.0
6.741495700368354e-05
7.633067248193254e-05
0.0
0.00020769872808457012
0.000461023950505233
0.00030356670181272926
0.0
0.0
0.00014496514353389554
0.0
0.00018080478391788364
0.0003454495532368122
0.00014825599583171177
0.0
0.0
0.00014220669717895232
0.00019690002156117864
0.0
0.0008522368771896907
0.0001868600142697274
0.0
0.00021883892224091396
0.0003941670528742307
2.7360778760648953e-05
9.981354879880645e-05
0.00013243253215292205
0.0
0.0
0.0001449953742451822
0.0
0.0
0.0
0.0001777850573689894
0.0
0.00011080178563335024
0.0
0.0016550729236826664
0.00010874329460999613
4.987848137641202e-05
0.0
0.0
0.00013466810914807202
0.00022635750145247777
0.0
0.0
0.0
0.0
0.0
0.00020784066345994832
7.791115088077433e-05
0.0
0.0
0.0
0.0
0.0
0.0
0.00027174883888236195
0.0
0.0003811433332047629
0.0
0.0004471350517630487
0.00011198725925602745
8.619119547767759e-05
0.0
0.0008886222960971253
0.0
0.0
4.634193512114498e-05
4.391934944809634e-05
0.0005615129549764583
0.0001591477249897829
0.0
0.00012954335597651067
0.00040374300789499567
0.0
6.873017235059023e-05
6.670172938421634e-05
0.0
0.0
0.0
0.00014647826846329884
0.0003967438857084163
0.0
0.0
0.0
0.0
0.0006937833022620038
0.0
0.0
0.0
0.0002329957267728144
7.218422462406796e-05
0.0
0.0
0.0
0.00011542589901065176
0.00039789852407476854
0.0
0.0
0.0
0.0
0.0
0.0
0.0
0.0
1.5374972535354216e-05
0.00017526162372079334
0.0
0.0
0.0002777795795200153
0.0
0.0
0.0
0.0
0.0
0.0
0.0
0.0
0.0
0.0
2.355072209961842e-06
0.0
0.0
0.0
0.0
0.0001663561858006978
0.0
0.0
1.9775423366577665e-05
0.0
0.0
0.0005080126871642254
0.0
0.0
0.0005499398212528539
0.0
1.587872632963443e-05
0.0
0.0
0.00025009614322841643
0.00010164880586985295
0.0003449614922245816
0.0
0.000286583750241996
3.562422743503362e-05
0.0
0.0
0.0001892269287781119
0.0
0.0
0.0
0.0
0.00011267356779453834
0.0
0.0
8.590729535904266e-05
5.2843076713971684e-05
0.0
0.0
4.3022721473547526e-05
0.0
0.0
0.0
0.0
0.0
0.0005154833617150194
9.529110678500943e-05
3.1529850668768596e-05
0.0
0.000684728501299085
0.0005133001723356801
0.0
0.00029655009837939667
2.7588722860698037e-05
0.00030062532647690134
0.0004500889809249286
0.0008178495462902456
0.0005297081951319242
4.291630032377682e-05
0.0
0.0
0.0
0.0
0.0
0.0
0.0
0.0
0.0
0.0
0.0
0.0
0.00021752342603512462
0.0017028837172050801
0.0
0.0
0.0
0.00029432790957656136
0.00027306205696286267
0.00022781068388238196
0.000792058724193869
0.0
0.0
0.0001158275967356165
0.0
0.0
0.0005410365453136369
0.0003093599334001979
0.00039534622683495894
0.0
0.0002756029464541559
0.0
0.0
0.0
0.0
0.0
0.0
0.0
0.0011194194621998036
0.0
0.0
0.0
0.0
0.0
0.00016212756438979122
0.0
6.962692693848541e-05
4.859865738002686e-05
0.0001663892123942721
0.0
0.0
0.0
0.0
0.0
0.0
0.0
0.00019399787754517515
0.0
0.0
0.0
0.00033619236990042417
0.0
0.00017397533482719729
0.0
0.0
0.00031518204537641124
0.00015200426368891913
0.0
0.0001781954147624547
0.0
0.0
0.0
0.0003189358225005166
0.00023539168446710566
0.00022709022614718764
0.0
0.0002979312535163833
0.0
0.0
0.0
0.0
0.0
8.461231396635137e-05
0.0
0.0002117312689278642
0.0
0.0
0.0004938334825825443
0.0
0.0
0.0
0.0
0.0
0.0
0.00029103604219487004
0.0
0.0003341159408213578
0.0
0.0
6.306468193720478e-05
0.00035720969757767904
0.00027068591750489904
0.0002146647650891326
0.0
0.00029731311712778447
0.0
0.0
0.0
0.0
0.0002865129489645093
0.0019294984761859474
0.0
4.3718806718061304e-07
0.0
0.0
0.0
0.0
0.00041657705393202595
0.0
0.0005542352577757068
0.0
0.0
0.0008299951266146655
0.0
0.0
0.0
0.0002623014861424477
0.0
0.0
0.0
0.0005093698441158148
0.0
3.3074770645760675e-05
0.00029332120399119663
0.0001154816771597984
0.0
0.0
7.917819133965707e-05
0.0
0.0
0.00032251802249634435
0.0
0.0
0.0
0.0
0.0
0.0
0.0
0.0
0.0
0.0
0.0
0.0
0.0
0.0
0.0
0.0
0.0
0.0
0.0
0.0005056443474875665
0.00019700003379560357
0.0
0.0
0.0
0.0006005446371766263
0.0
0.0
0.00031275465716920577
0.0
0.0
0.0
0.0
0.0
0.00010810467845497603
0.0
0.000499289722050901
0.00012766744796406646
0.0
0.00017006310073871877
0.000345879931310095
0.0
0.0
0.0
0.0001917467661484128
0.0
0.000534853766149031
0.0005507636072404689
0.0
0.0
0.0
0.00019578589714064798
0.0002929952976473565
0.0
0.0
0.00019576824113891073
0.00021205849684442966
0.0
7.574230380570742e-05
0.0
0.0
0.0
0.0
0.0
0.00030179566521714547
0.0005037544692875173
0.0
0.0
0.0
0.00022267687642087958
0.0
0.0
0.0
0.0003010249367649684
0.0006438895209217751
0.00021854818149928847
0.0004488529703046327
9.854807529445809e-05
0.0001639420678419734
0.00010058794435987921
0.0
0.0
0.0
0.0
0.0002635326562961105
0.0
0.0
0.00044643215912559825
0.0
0.0
0.0
8.587470691814673e-05
0.0
0.0
0.0
0.0005711109950260158
0.0
0.00025056251733012304
0.0
0.0001602292641706076
0.00035342725210202346
0.0
0.00028126991359840326
0.0
0.0002599824235163743
0.0
0.0
0.0
0.0
0.0
0.0
0.0007568137447719079
0.0
0.0
0.0
0.0
0.0
0.0
0.0
0.0
0.0
0.0
0.0005458398749413181
0.00029780333590304786
0.0
0.0
0.00010484592033056689
0.0
0.0
0.00023738410152440302
0.0
0.0006759388439057796
0.0
0.00017729870393321092
5.158656970813913e-06
0.0
0.0
0.00039704483569552644
0.0
0.0004043886888619802
2.557928306607834e-05
1.8536774048457994e-06
0.00017168397748121495
0.0003653002725081447
6.886015060251374e-05
0.0006082145812395516
4.670055697741458e-05
0.0
0.0
0.0004914773143294197
0.0004347748207168789
0.00032083359387192464
0.0
0.0
0.00016900364225285288
0.0
0.0
0.0
0.0
0.00016293963620263535
2.1622223748211352e-05
0.0
0.0
9.89260135365828e-05
0.00045620302806120497
0.0
0.0
0.0
0.0001188634541440591
0.0
0.00019574305365821715
0.00029159157007938556
0.0
0.0
0.00013882298762985494
0.00024124819739294984
0.0
0.0
0.0
0.0001057097651259917
6.687147925129146e-08
0.00022781068388238196
0.00022826572505407086
0.0
0.0
0.00012302727688206767
0.0005304173864226116
0.0
0.0
0.0
0.00024164301946480736
0.00020196285925189403
0.00026642116553620326
0.0013925395730916422
0.00022470432272414536
0.0
0.0
0.0
0.0
0.0001539518932731608
0.00010237019131888268
9.457537779825506e-07
0.0
0.0
0.0
0.0
0.00016924975931881887
9.233930149605692e-05
0.0003532050479175881
0.0003411758862740407
0.0
3.347684034652052e-05
0.0
0.0003432140893969122
0.00020135319953702453
0.0
0.0
0.0
0.0
0.0002669905887867622
0.0
0.0
8.186230968983259e-05
0.0
0.0007086016321297728
0.00015450861845439436
0.0
0.0
0.0
0.0
0.00020941900079829594
0.000484243400199584
0.0
8.687485560777772e-05
0.00012042638322572619
5.3082069527132774e-05
0.0
6.73440587529793e-05
0.0
0.0
0.0002523509058064181
6.48002557672361e-05
0.0
0.0
0.0
0.00037320668676463
0.0
0.00014946979651787027
0.0
0.0
0.00017378651493375554
0.0
0.0
0.0
0.0
0.00014037875326404438
3.2301668929007815e-05
0.0
0.0003382323206682784
0.0005189895245303582
0.0
0.0
0.0
6.925714443946683e-05
5.6687975530920375e-05
0.0
0.0
0.0
0.0011259198077558509
0.0
0.0
0.0
0.00046696874699846125
0.0008332671128144894
0.0
0.0002125221810468786
0.0
0.0
0.0
0.0
0.0006283987559071649
0.0
0.00021491571103108962
6.45822601579892e-05
0.0
0.0
0.0001416007263770812
0.00017472433365410919
0.00020190240269728687
0.0
0.0
8.870471271957285e-06
0.00026914284699545234
0.0
0.0
0.0006138907058342147
8.539716573453044e-05
4.676322544042812e-05
0.0
0.0
0.0
0.0
8.609933321598188e-05
0.0
0.0
8.780461914559599e-05
0.0
0.0
0.0
0.0
8.158896889853827e-06
0.0002625963352023149
0.00023279783889923982
0.0
0.0
0.0
0.0
0.0
0.0
5.651029943533632e-05
0.0007191601878726618
2.7324577676095535e-05
0.0
0.0
0.00010913471035158811
0.0
0.0
0.0
0.0
0.0005398708495355156
0.0
0.0
0.000411644481316025
0.00046123692603522735
0.0
0.0
0.00048364181036817695
0.00035030050987681574
0.000169682409202164
0.0
0.0
0.0
0.0
0.0
0.0
0.0001507565304002345
0.0
3.8141588225057047e-06
0.000702714224526388
0.00024952293166235774
0.0
0.0
0.0
0.0
0.0007174505062617487
0.0
0.0
0.0011140464404008187
0.000660069740572019
0.00010676884773413436
4.1184738455172774e-05
0.00010784251892433336
0.0005159327308838542
0.0
0.0
0.0
0.0
0.0
0.0
0.0
0.0
0.0005916421833040474
0.0
0.0002878915724179761
9.334727599554533e-05
0.0
0.0001776124086898085
0.0
9.041941568255027e-05
0.0
0.001079252553774268
0.0
0.0
3.358201015808495e-05
0.0002491603696856544
0.0
0.0
0.0
0.0
0.0
0.0
0.0
0.0
0.0
6.617982932721681e-05
0.00043443674905753444
0.00040708202012374297
0.00018121107602646648
0.0
0.00016595935710337603
0.0
0.00010794202590292331
0.00035640441449427213
0.0
0.00023144105634643718
0.0
0.0
0.00025979165721206634
0.000256443989648696
0.0
0.0
8.746129410339005e-05
0.0002195332010325741
5.498117922730637e-05
0.0
0.0
0.0
0.0
0.0002336914243104769
0.0003773400898678872
0.0
0.00033829740265139903
0.0
0.0
0.00012045564940570614
0.0
0.0
0.00044214132500517306
0.0
0.0
0.0004794757150802433
0.0
0.0
0.0003223485638148899
0.0003024047042072661
1.5324067439792053e-05
0.0
0.0
0.0
0.00016600293086385112
0.0
0.0
0.0
0.0
0.0
0.0
0.0
0.0
8.975304286865327e-06
0.0
0.0005546236401357992
0.0005373508543542786
7.951076676046944e-05
0.0
0.001090110512998032
0.0
0.0
0.0
0.0004611733051204074
0.00014283554926304519
0.00030119427350115837
0.0009431434746055161
0.0
0.0001377565338146706
0.00017696398817415685
0.000486889274509075
5.288305366752348e-05
0.0
0.00019019381517968305
0.00011039736036982043
0.0
0.0
0.0
0.0
0.0
0.0
0.0
0.0
0.0
0.0
0.0
0.0
9.187486216766011e-05
0.0
0.0
0.0
1.4372576188895298e-05
0.0
0.0
0.0
0.000480216265867947
0.0
0.0
0.0
0.0
0.0006892393060191154
0.0
0.0
0.0
0.0
0.0
0.0
0.00013428750826650177
0.0
0.00025137503894468756
0.0
0.0
0.0
0.0005263094231705979
0.0
0.0
0.0
0.0
0.0
3.169281358421321e-05
0.0
0.0
0.00047004932374201713
0.0007160704728338274
7.59929583587259e-05
0.0
0.0
0.0
0.0
0.0
0.0
0.0002949602453146217
0.0
0.0
0.0
0.0
0.0
0.0
0.0
0.00014337315103452275
0.0
0.0
0.0
0.0
0.0
0.0
0.0
0.0
7.723655853524164e-06
0.0
0.0
0.00019220993138153417
0.0007467891159399736
0.0
0.0
0.0
1.8536774048457994e-06
0.0
0.00037922630272096627
0.00025106904789932267
0.0002296748734400943
0.0004446286786404347
0.0
0.0
0.00021754789778631915
5.473541767053064e-07
0.0002149990469458527
0.00013826743391116012
0.0
0.0
0.00046764326469029443
0.0
8.731197137445278e-05
0.0
0.0
0.0008411528349429703
5.276279110487231e-05
6.161811662286508e-05
0.00015617794461296827
0.0
0.00013866271811102646
0.0
0.0
0.0005235744826029576
0.00010246185118802498
0.0005973027025764838
0.0
0.0
0.0
0.0
0.0002992453069388942
0.0
0.00033276373871024057
0.0
0.0001435580903737607
0.0
1.8214168239632158e-05
0.0
0.0
0.0
0.0
0.0
0.0
0.0002838318530035835
0.0
0.00034172535273086266
0.0
0.0
0.0
0.0
0.0
0.0
0.0
0.0
0.0
0.0
0.0
0.0
0.0
0.0
0.0
0.0
0.0
0.0
0.0
0.0
0.0
0.0
0.0
0.0
0.0
0.0
0.0
0.0
0.0
0.00011737029321864218
0.0
4.0735697968685746e-05
0.0
0.0
0.0
0.0
6.093721331574993e-05
0.0
0.0004171458035678156
0.0
0.0
0.0
0.001970698888536794
0.0
0.0
0.0
0.0
0.0003634897330834751
5.8122027984242246e-05
0.0002608736277579255
0.00024701307003995563
0.0
0.0003347348210170697
0.0
0.0
0.0
0.0
0.0002040329368372885
0.0
0.0
0.0
0.0
0.0
0.00017209676446206792
7.99950070543574e-06
0.0
0.0
0.0003401387118756431
0.0
8.588463377501837e-05
0.0
1.2416727506829802e-05
0.0003710852231130916
0.0
0.0
0.0
0.00016089938190920982
0.0
0.00011765287036817746
0.0
0.0
1.0797945495853384e-05
0.0
0.0007199924920549355
0.0
0.00018722080192126668
0.0009234234883460013
0.0
9.338591292241353e-05
0.000664287495939763
1.2591355489814208e-06
0.0
0.0
0.0
0.0003875963871549056
5.1384940476855384e-05
0.0
0.0
0.0
1.4717567011203803e-06
0.000963522876220871
0.0004046594311953752
0.0
0.00016820729277419
0.0
0.0
0.0
0.0
0.0009128093990124451
0.0008275950570502363
0.0
0.0
0.0
0.0
0.0
0.0006898358220152528
0.0
0.0
0.0
0.00029447031089793274
0.0
0.0005659428036102725
0.0
0.0
6.726497889745222e-05
0.0
0.00011247993910013416
0.0
0.0
0.0
0.0
0.0
0.0005090851093204861
0.0
6.934724706705502e-05
0.0
0.0
0.00015535679992632342
0.00018490029714845417
0.0
0.0
0.00033861034816600464
0.0
0.0
0.0
0.0
0.0
0.0
0.0
0.0004721494287809115
0.0
0.0
0.0
0.0
0.0
0.0
0.0
0.0001046632185358826
0.0
0.0
1.5622729279802082e-05
2.23115393263362e-05
0.0002884812658838977
0.0007690607306341991
0.00036743119457730125
0.0
0.0
0.0
0.0
0.0
0.0
0.0
0.0
0.0
0.0
0.00043893052195994806
0.0
0.000457040103273399
0.0
0.0
0.0
0.0
0.0
0.00032740098168387307
0.0
0.0
4.906793130474175e-05
0.0
0.0
0.0020901166208900646
0.0
0.0
0.000474450285488343
0.00013563991563710884
4.634193512114498e-05
0.0
2.206758815292618e-06
0.00025674728834418765
4.080327786142989e-05
0.0
0.0
0.0007495214976440019
0.0003234022370792516
0.0001398847527634107
0.0
0.0
0.0008912322402307648
0.00034567522894420267
0.000225083829369475
0.0
0.0006834974852186253
0.0
0.0
0.0
0.0
0.0
0.0002810496820584154
0.0
0.0005433081003788618
4.2677360419292676e-06
0.0
0.0
2.698962829993487e-05
0.0
0.0
0.0006142556362596622
0.0
0.0
0.0
0.0006164535275164655
0.00037144333451596387
0.0
0.0
0.0
0.0001232732856438788
0.0
0.0
0.0007771414964964952
0.0
0.0
0.0
0.0
0.0
0.0
4.634193512114498e-05
0.0
0.00014232919890604632
0.0
0.0
0.0
0.0
0.0
0.0
0.00045443307742114406
0.0009865666934387241
0.000536728146651693
0.0004380073015315452
0.00017809217327632856
0.0025640376258241585
0.00017408428858861158
0.0
0.0
0.000160177402285526
0.00023157581423334834
0.0
0.0
0.0
0.0
0.0002088202759714848
0.0004632614337007946
1.1571164809308983e-06
0.00017279790599918912
4.681491091597859e-05
0.0
0.0
0.00018451742612833984
0.0
3.7827070509274725e-05
0.0
0.00016717053458164548
0.0
0.0
0.0
1.644116461084708e-05
0.00020846946957080514
0.0
0.0
0.0
0.0
4.634193512114498e-05
0.0
0.000475522901559245
4.634193512114498e-05
1.3671225066930545e-05
0.0
0.0
0.00018081145367719403
0.0
0.0005737651540411699
0.0
0.0
0.0
0.00040551828275305855
0.0
4.1010562054110604e-07
0.0
0.0
0.0005924678969712278
0.0
0.0003707276813473063
0.0001977323638437454
1.7904996217131473e-05
0.0
0.0
0.0
0.0
0.0
0.0
0.00018893933425235128
0.0026177875118405707
0.0
0.0002589277617543259
0.0
0.0
0.0
0.0
0.0
0.0
0.0
0.00038741793879919657
0.0006056424517475399
0.0
0.0
0.0
7.29696613124264e-05
0.0
0.0
0.0
5.561032214537398e-05
6.371966708336587e-06
0.0
0.00047456724560109264
0.0
0.00039466750898041345
0.0
0.0
0.0
0.0004796752423235188
0.0
0.0
0.0
0.0
0.0
0.0
0.0
0.0
0.0
0.0
0.0
0.0
0.0
0.0
0.0
0.0005441825856164816
0.0
0.0
0.0
0.0
0.0
0.0
0.0
0.0
0.0023311136256267254
0.0
0.0
0.0
0.0006942594764978936
0.00022526030947964937
0.0
0.0
0.0
0.00018707406281851788
0.0
0.0
0.0
2.317096756057249e-05
0.0013778293563181047
0.0
0.0
0.00018870714025543447
0.0
0.0
0.0
0.0
0.0
0.0
7.472650751923683e-05
2.759032676707741e-06
0.0
0.0
0.0010170093630532833
0.0
0.0006752305282287977
0.0002108350281452031
0.0009390932751324666
0.0
0.0004127290443225007
0.0002999849994269667
0.0
0.0
0.0
0.0
0.0009805625000812329
0.0005999698952945802
0.0
0.0
0.0
0.0
0.0
0.0
0.0
0.0
0.0
0.0
0.0
0.0013330820302149887
0.0
0.0004965515276270882
0.0
0.00042832733050007793
0.0
0.0
0.00037010788218342733
0.0
0.0
0.00031525395896794654
0.0
0.0
0.0
0.0
0.0
0.0
0.0
0.00034153560610658415
0.0
0.0
0.0
0.0
0.0012717023839502403
0.0
0.0
0.0
0.0
0.00022098935600418554
3.8376697620326334e-05
0.0
0.0
0.0
9.403164862744357e-05
0.0011315674397871147
0.0
0.0
0.0002945493812585942
0.00011467609157544547
0.0
0.0
0.0
0.0
0.000866262583493503
0.0
0.0003817131446628608
2.8596490997161198e-05
0.00025578306500774597
0.0005448092646395295
0.0010642115120516862
0.0003484802939557278
0.0
0.00017550212770655008
0.0
0.00014894427686195063
0.0
0.00011499761421761986
0.00019855664623568645
0.0
9.346272629474617e-06
0.0
0.0
0.0
0.0
0.00025117514265941533
0.0
0.0
0.0
0.0
0.00019160749607943965
0.0001265215161191526
0.0007294662213744804
0.0003086047948505667
0.0
0.0002664581157373656
0.0
0.0037933797537325685
0.0
0.0
6.620276445877855e-06
0.0
0.0
0.0
0.0
0.0
0.0
0.0
0.00074678576682009
0.0
4.634193512114498e-05
0.0003451689853902316
1.4717567011203803e-06
0.0
0.0
5.8934852273630035e-05
0.001211896282933351
0.0008179640119469887
0.0013342465383050237
0.00047212808284801625
0.0015877661338256014
0.0007305699982617632
0.0
0.000934557079017478
0.0
0.0002454369615065169
0.0
0.0
0.000500185346397016
0.0005715922491539922
0.0
0.00023107124644944517
9.065085160782845e-06
0.0
0.0
0.0
0.00030942885220895216
0.0
0.0
0.0
0.0
0.0
0.0
0.0
0.00033360502369260013
0.0005103734529611708
8.582251807371347e-05
0.0
0.00024367113420632478
0.0
0.0
0.0
0.0006610608728430517
0.0
0.0
0.00030455423703600667
0.0005089519705391289
0.0
0.0
0.00021496305956650148
0.0
0.0
0.0
0.0
0.0
0.0005387219627163532
0.0002834063363920119
0.0
0.0002246133286314889
0.0
0.0
0.0
0.0
0.0
7.037108666544239e-06
0.00010573108963377894
0.0
0.0
0.00011886886142127561
0.0
0.0006250744675625648
0.0
0.0
0.0
0.0
5.340502996652741e-05
0.0
0.0
0.0
0.0
0.0
0.0
0.0012171457663925427
0.0005339038802463172
0.0
0.0
0.0
0.00013177697837524254
0.0
0.0
0.0
0.0003016988551898181
0.0
0.00031548071454912834
0.0003474757961609986
0.00025020116603625975
0.0
0.0
0.00021544509019444177
0.0
0.00016656938086631758
0.0
0.0
0.000748532065105582
0.001012046737049172
0.0
9.822467973048163e-05
0.0
0.0
0.0
0.00011953142219409676
0.0
0.0
0.0
0.0006427808839860311
0.0
0.0004426304153607785
0.0
0.0
0.0006322156331467827
0.0
0.0
0.0
0.00040888082590662654
0.0
6.097623042255919e-07
0.00011298068859921434
0.00018263218136363077
0.0
0.0
0.0003009570095926937
0.0
0.0
0.00024417937741089797
0.00029024398544719827
0.0
0.0004827164615251793
0.000265546055588053
0.0
2.324718784860069e-05
0.000309005693858493
0.00016654075897048982
0.0007129467468631619
1.0183995450317783e-05
0.0
0.0
0.00021494302392281077
0.0003528495027662256
0.0004872233065377295
0.0
0.0
0.00025070290104049655
0.0
1.4547077248603708e-05
0.0
0.0
0.0
9.597665963584344e-06
1.4717567011203803e-06
0.0
0.0
0.0
0.0
0.0
0.0
0.0006992046998824853
0.0
0.0
0.0005528451896804205
0.0
0.0
0.0012383215791221594
0.0
0.0
0.0
0.0
0.0
0.0
0.0
0.0
0.0013456368903301615
0.0
0.0
0.0
0.0005332155199199188
0.0
0.0002885177434138457
0.0
0.0
0.0
0.0
0.0
0.0
0.0
0.0
0.0
0.0
0.0
0.0
0.0
0.0
0.0
0.0
0.00025084797477061606
1.4531555296609827e-05
0.0
0.0
0.0
0.0
0.0
0.0
0.00039510127232586625
0.0002802113051996881
0.0
1.5133986618919298e-05
0.0
0.00015268606415078334
7.973075544354634e-05
0.0
0.0
0.00025161571680221715
0.00034868180997164834
0.0
0.00016761279863086156
3.27828691519334e-05
4.2805704276010775e-05
0.0
0.0
0.0
0.0003333579407435494
0.0
0.0
0.0
0.0
0.0
0.0008387743774346865
0.0
0.0
0.0
0.00013970235616319395
0.0
0.0
0.0
0.0
0.0001616559980722754
0.0
0.0
0.0
0.0005023217645794447
1.0490143350266756e-05
0.0
0.0016451025471496306
0.0
0.0
0.0
0.0005035393389730457
0.0
0.0
0.00020177931809525635
0.0
0.000268453348942985
0.0
0.0
0.00023549710833192458
0.00044677246522385945
3.126300070757072e-05
0.0
0.0
0.00013978361185209155
0.0
3.059200848915367e-05
0.0
0.0002906921317667608
0.0
0.0
0.0
0.0
0.0
0.0
0.0
0.00028719967657487135
0.0
0.00012092483026361357
0.0
0.0
0.0
0.00031755647888220514
0.00016189117945867573
0.0
0.00030809268804891406
0.0
0.0
0.001082058199084599
0.0
0.000457774740021191
0.00026655762757100043
0.0004313152838577744
0.0
0.0
0.0
0.00044666721428042303
0.00030539598973217797
0.0
0.0
0.0002960545499791301
0.0
0.00037431663670996744
0.00021537234637023186
0.0
0.0009935573784026846
0.0
0.0009688927610848645
0.0008027174467686771
0.0005778305192824538
0.00028755753232406447
0.0006546644302129992
0.0
0.0
0.0003147438685096903
0.0011475596056774483
0.0
4.188966932350736e-06
0.0
0.0
0.0
0.0
0.0
0.0
0.0
0.0
0.0
0.0
9.32414015220328e-06
0.0
0.0
0.0
0.0
0.0
0.00014958421600987787
0.0
0.0005430960313584532
0.0
0.0
0.0
0.0
0.0
4.617136912962801e-06
0.0
0.0
0.0
0.00012133381872254824
0.0
0.0
0.0
0.0
0.0
0.0
2.317096756057249e-05
0.0
0.0013839166199983845
0.0
0.0
0.0
0.0
0.0022083105503210073
0.0
0.0
0.00038290221939360996
0.0
0.0
0.0
0.0
0.0
0.00018531534848766217
0.0
0.0003922267270673606
5.473541767053064e-07
0.00032224191214291173
0.0
0.0
0.0
0.0
0.0
0.0
0.0
0.00022475658822410614
0.0
0.0007994692358208798
0.0
0.0
0.0
0.0
0.0
0.0006470767688021049
7.70251887805012e-06
0.0
0.0
0.0
0.0005660831798129784
0.0
0.0
0.0
0.0
0.0005901597049425535
0.0
1.1585483780286246e-05
0.00044252887131892985
0.0
0.0003946337154937462
2.5566418234651785e-05
0.0
0.0
0.0003398126471571311
0.0
0.00015319278323593452
0.0
0.0
0.0
0.0
1.7260687505915825e-05
0.0
0.0
0.0
0.0
0.0
0.0
0.00034658910225961024
0.0
0.0
0.0
0.0
0.0
0.0
0.00023551705926066265
0.0
0.0
0.0
0.000269511327821373
0.0
0.0
0.0
0.0
0.0
0.0
0.0
0.0
0.0
0.0
0.00022488176047987576
0.0007741476178778706
1.4162112951835277e-05
0.0
0.0
0.0
0.0
0.00010744776773409132
0.0
0.0
0.0
0.0
0.0
0.0
0.0
0.0
0.0
0.0
0.0
0.0
0.0
0.0
0.0
0.0
0.0
0.00018683949718570033
2.7485267801474695e-06
0.001467034816199053
0.0
0.0
0.0
0.0
0.00011403069872189065
0.0
4.634193512114498e-05
0.0
0.0
0.0
0.0
0.0
0.0002520298241893815
0.0
0.000548159086506019
1.2872759755873607e-06
0.0
0.0
0.0002806560795462517
0.0
0.001048543213039449
0.0
0.0
0.000837989801943764
0.0
0.0
0.0
0.0
0.0
0.0
0.0
0.00026589155356806664
0.0
0.0003367226186071331
0.0
0.0
0.0
0.0
0.0
0.00047118622108773553
0.0
0.0
0.0005049844646520719
0.0
0.0005890665619397649
0.0
0.00010851695541981736
0.0
0.0
0.0
2.317096756057249e-05
0.0
0.0
0.0
0.0
0.0
0.0005949030564970026
0.0002721856347522379
0.0002086512513409798
0.0
0.0
9.19525467638043e-06
0.0
0.0
0.0
0.0
1.7416937355015575e-05
1.6965844617028367e-05
0.001169308083375394
0.0
0.0
2.1108035340519446e-05
0.0
0.0
0.0
0.0
0.0
0.001232081977351644
0.00014625936803182738
0.0
0.0
0.0
0.0
0.0
0.0
0.0
0.00013621767182776082
0.0002962373974424675
0.0
0.0
0.0003308067577690143
0.002176455392287111
0.0
0.0
0.0
0.0
0.0
0.0
0.0
0.0
0.0
0.0003953419175656164
0.0
0.0
0.0
1.0089021793448706e-05
0.0
0.0
0.0
0.0
0.00021404225273662913
0.0
0.0
0.0
0.0
0.0
0.0
0.0
0.0
0.0
0.0
0.00022582306851480233
0.0006555586264277441
0.0
0.0
0.0
0.0
0.0
0.0
0.0
0.0
0.00046517943581303044
0.0
0.0
0.0009454877293035192
0.0
0.0
0.0004564201803579284
0.0
0.0
0.0
0.0002678110264780696
0.0002487484732703693
0.0
0.0
0.0
0.0007175472726670205
0.0010634450456542975
0.0
0.000467408946159119
0.0
0.0
0.0
0.0
0.00040780277173122214
0.0003934042199555968
0.0009337649537520904
0.00017314723377166534
0.0020865963988201427
0.0
0.0002824669539659508
0.0010278355322856094
0.0004110439923181371
0.0
0.0
4.5338556357527673e-05
0.00015382368281920274
1.1611170879336237e-05
0.0
0.0
0.0
0.0
0.0
0.0
0.0
0.000507611308325456
0.0
0.0
0.0
0.0001499005712032454
0.0006610428896194482
0.0
0.0
8.35977534108047e-05
6.626180952127435e-06
0.0
0.0
0.00035537030172076315
0.0
0.0
0.0
0.0
0.001392888846696946
0.0
0.0
2.1485483378547904e-05
0.0
0.0
0.0
0.0
0.0
0.0
0.0006624331167822932
0.0
0.0
8.17127307276127e-05
0.0
0.0
0.0
0.0
0.0
0.0
0.0
0.0
0.0005488115914274748
0.0
0.0
0.0
0.0
0.0
0.0015009651645047752
1.2149755026736528e-05
0.0
0.0
0.00023827144308447582
0.0
0.0
0.0
0.0
2.759032676707741e-06
2.913576377089522e-05
0.0
0.0
0.0
0.0
9.142676143674562e-05
0.0
0.0
0.00018477441766776487
0.0
0.0
0.0
0.0012539557297505943
0.0
0.0
0.0
0.0
3.426897461370559e-05
0.0014086739191934042
0.0
0.0
8.084222526823467e-05
0.0
0.0
0.00045800877171256547
0.0
0.0
0.0
0.0
0.0
0.0008426989015291954
0.0004307497436957967
0.0
0.0
1.2473428061892021e-05
0.0
0.0
0.0
0.0
0.0
0.0
0.0
0.0
0.0
0.0
0.0
0.0
0.0
0.0003817588129998603
4.568702566973114e-06
0.0
0.0
0.0
0.00022681318849953485
0.0007489829718297879
4.634193512114498e-05
0.0
0.0
0.0
0.0
0.0
0.0
0.0
1.2872759755873607e-06
0.0
0.0005848702287131796
0.0
0.0
0.0007114356094354005
0.0004072668489604676
0.0
0.0
0.0
0.0
0.0
0.0
0.0
0.0006097674858243649
0.0007724278176203033
3.7259030610921265e-05
0.0
0.0
0.0008767825412192785
0.0
0.0
0.0
0.0
0.0
0.0
0.0
0.0
0.0
0.000367474018468743
0.00024830244040097675
0.0
0.0
0.00029874177732689826
0.0
0.0
0.0
0.00010061943963163632
0.0
0.0
0.0
0.0
0.0
0.0
0.0
0.0003966050139490555
3.9416416594252886e-05
0.0
0.0
0.0
0.0
0.0
0.0
0.0
0.0
0.0
0.00028465372808471584
0.0
3.861827926762082e-06
0.0
0.0
0.0
0.0
0.0
0.0
0.0
0.0
0.0
9.268387024228997e-05
0.0
0.0
0.00017532154414676333
0.0
0.0
0.0004180575027471532
0.0
0.00024627848891150276
0.0
0.0003115661023776532
0.0
0.0
0.0
0.0
0.0
0.0
0.0
0.0
0.0
1.2872759755873607e-06
0.0
0.0
0.0005850947864182634
0.0
0.0
0.0
0.0004081660375734169
0.0
0.0
0.00035003613855022714
0.0
0.0
0.0
0.0
0.0
0.0
0.0
0.0
0.0
0.0
0.0
3.9313299662482506e-05
0.0005874390416467712
0.0
2.317096756057249e-06
0.0
0.0
5.097612863325948e-05
0.0
0.0
0.0
0.0
0.0
0.0
0.0
0.0
0.00025930619785011276
0.0
0.0004996683137421246
0.0
0.0009204515476499671
1.103379407646309e-06
0.0
0.0
0.0004941152117560725
0.0
0.0
0.0002519968897956533
5.521790201253655e-05
0.0
0.0002478378026573155
0.00028170481449749617
6.814107561675442e-05
1.8572015746845076e-05
0.0005359597841908455
0.0003547864171359157
0.0
0.0
1.1698200734022183e-05
0.0
0.0
0.0
0.0
0.0
0.0
0.0
0.000376271243667025
0.0
0.0
8.824355333662901e-05
0.0
0.0
0.0
0.0
0.0001517566637925538
0.0003293011026533338
0.0
0.0
0.0005023291637189822
0.0
4.634193512114498e-05
0.0
0.0
0.0002925762111922583
0.0
0.0
0.0
0.0
0.0
0.0
0.0
0.0
0.00016018671221148796
0.0
0.0009044450807340756
0.0
0.0
0.0
0.0
0.00026137507288359976
0.0
0.0003049636757592294
2.9791244006450346e-05
0.0
0.0
0.0
0.0008363459199006658
0.0
0.0
0.0
0.0011886707543308425
0.0009545374946024915
0.0
0.0
0.0
0.0004952669047942267
0.0
0.0
0.0
0.0
0.0
0.0006234015854394799
8.435481811574763e-06
5.792741890143123e-06
0.0
0.0
0.0
0.00013903191645220963
0.0
5.787074428115682e-05
0.0
0.0
0.0
0.00025192365445706263
0.0
0.0
0.0
0.0
0.0
0.0
0.0
0.0
0.0003360520396868471
0.0
0.0
0.0
0.00018801945349038927
0.0
0.0
0.0
0.0
0.0
0.0
0.0
0.00021730548480763918
0.00035743205302215007
0.0
0.0
0.0
0.001062445252788438
0.0
0.0
0.0
0.00017076943526371172
0.0
0.00015128359413332424
0.0005611206806827371
9.268387024228997e-06
6.351707869209791e-06
0.0006330443795015533
0.0
0.0
0.0
5.971349052394774e-06
0.0
0.0
0.0
0.0
0.0
0.0
0.0
0.0
0.0
0.0
0.0
0.0
0.0
0.0
0.0
0.0
0.0
0.0
1.1261602799834435e-06
0.0
0.0008187739340257871
0.00025453925866202693
3.2125215460136984e-06
0.0
0.0
0.0
0.0
0.00039114264910199544
0.0
7.19990431504788e-05
0.0
0.0
0.0
8.38084935719742e-07
0.0
0.0
0.0
0.004504463192528287
0.0
0.0
0.0011104558394941894
0.0007054260844218774
0.0
0.0003443885691497295
0.00024449188973830967
0.0
0.0
7.692726947578336e-06
6.751996241761032e-06
0.0
8.737464047041223e-05
0.0
0.000518462825384145
0.0
0.0
3.43751019619394e-05
0.0
0.0
0.0
0.0
0.0
0.0002343799886110203
0.0
0.0
2.553726455108596e-06
0.0
0.0
0.0008160426709130083
0.0004116170709994819
0.0
0.0
0.0
0.0
0.0
4.061663645682525e-05
0.0
0.0
0.0
2.6926437116728602e-05
0.0
0.0
0.0
0.0
0.0
0.0
0.0
0.0
0.0002456680096977106
0.0009772215101506436
0.0004044977264368662
0.0
0.0
0.0
0.0
0.0007030555630489343
5.0659051610125975e-06
0.0
1.568506903438451e-05
0.0
0.0
0.0
0.0
0.0
0.0008315298405788254
0.0
0.0
5.766754424294771e-05
0.0
0.0
0.0
0.0
0.0
0.0
7.849306015106452e-05
0.0
0.0
0.0
0.00030120978155726263
0.0
0.0
0.0
0.0
0.0
0.0
0.0
0.0
0.0
0.0
0.0
0.0
0.0
0.0
0.0
0.0
0.0
0.00043280969428573273
0.0
0.0
0.0
0.0
0.0
4.634193512114498e-05
0.0
7.762603008883208e-06
0.0
0.0005434079634702196
0.0
0.0
0.0
0.0008204124525279537
0.0
9.980839218806245e-05
0.0
0.0
0.0
0.0
6.751996241761032e-06
0.0001292073306705568
0.0
0.002095435329553932
0.0
0.0
0.0
0.0
6.773947247937756e-05
0.0
0.0004830498016417884
0.0
0.0
0.0
0.0
0.0
0.0
9.457537779825506e-07
0.0005737553032167638
0.0
0.0
1.782382120044038e-06
5.638096641734879e-05
9.809946285537504e-05
0.0
0.0
0.0
0.0
0.0
0.0
1.552353199507653e-05
0.0
0.00030063473631540034
0.0001617484490832896
5.149103902349442e-05
5.149103902349443e-06
0.0
0.0
0.0
0.0
0.0
0.00070097866845193
0.0
0.0
0.0
0.0
0.0
0.0
0.001506074626052194
0.0
0.0
0.0
0.0014334107393348349
0.000437503138938216
1.7163679674498142e-06
0.0005601087815602923
0.0
0.00039685558939632173
0.0
0.0
0.0
0.0001477202256890847
0.0
0.0
0.0
0.0
0.0002878874736457443
0.0004329762888007813
0.0
0.0
0.0
0.0
0.0003654381543324856
5.202274719067332e-05
0.0005325232234008749
0.0
0.0
0.0
0.0
0.0
0.0018208386076789154
6.751996241761032e-06
0.0
0.0
0.0
0.0004254824953875421
0.0
0.0
0.0
0.0
0.0
0.0
0.0
0.00016679661576169744
0.0
0.0
0.0
0.0
0.0
0.0
1.9169347397096657e-05
0.0
0.0
0.001586534328492535
0.0
0.0
0.0005114004112910543
0.0
0.0003445519042833604
0.0
0.0
0.0
0.0
0.0006009207857866173
2.0110078102913963e-05
0.0
0.0
0.0
5.7991813539155266e-05
0.0
0.0
1.5447311707048328e-06
0.0
0.00047755548678475774
0.0
0.0
0.0
0.00041914481673224925
0.0
0.0
0.0
0.0
0.0
0.0003623246220573322
0.0
0.0
0.0
0.0
0.0
0.0
0.0
0.0
0.0004877999301351233
0.0
0.0
0.0
0.0
0.0
0.0
0.00126178165764019
0.000372935081252203
0.00034759677164679375
0.0
0.0
0.0
0.0
4.075902697822612e-05
6.620276445877855e-06
0.0
0.0
0.0
0.0002691010267675852
0.00021259445263917612
0.0002752752804806104
0.0
0.0
0.0
0.0
0.0
0.0
0.0
0.0003831527408116011
0.0
0.0
0.0003333181509092134
0.0
0.0
0.0
0.0
0.0
1.3287050210321174e-06
0.0
0.0
0.0
0.0
0.0
0.0
0.0006786631059072133
0.0
0.0
0.0
0.0001788381741462151
0.0
0.0
0.0
0.0
0.0
0.0
0.0
0.0
0.0
0.0006372440921732607
0.0
0.0
5.140337777659994e-06
0.0
4.965259894418986e-05
0.0
0.0
5.504432873506835e-05
0.0
0.0
0.0
0.0
0.0
0.0002341224997389044
0.00014699815597239694
0.0005216656717575618
0.000670575563855734
0.0
0.0
0.00019751637418857713
0.0
0.0
0.0
0.0
0.0
6.281531296189398e-05
0.0
0.0
0.0
0.00010426955521181293
0.0
0.0
0.0004999843142278855
0.0
0.0
0.0
0.0
0.0002765384459354451
0.0004170332434028501
7.017889709958616e-05
0.0005799334190712815
0.0011107780382358697
0.0
0.0
0.0004928285796169997
0.0
0.0009742071090551294
0.0
0.0
4.634193512114498e-05
0.0
0.0
0.0
0.00033280831936263635
0.0
0.00033397257872817674
1.0298207804698884e-06
0.0
0.0
0.00016927947663655357
0.0
0.0
0.0
0.0
0.0
0.0
0.0
0.0
0.0005042622023361375
0.0
0.0
0.0
0.0007851272906093456
0.0
0.0
0.0
0.0005847700422435014
3.4207665693202764e-05
0.0
0.0
0.0
0.0
0.0
0.0
0.0
0.0
0.0012528099455002399
0.0
0.0
0.00017762993409716583
4.634193512114498e-05
0.0
0.0
0.0
0.00019580944927305514
0.0
0.0
0.0
0.0
0.0
4.634193512114498e-05
0.0
0.0
0.0
6.371952367649765e-05
0.0
0.0
0.0
1.565605916254898e-07
0.0005118640423428859
0.0
0.0
0.0
4.634193512114498e-05
0.0
0.0
0.00012262672582031474
0.00017426572580300412
0.0
2.043722499045897e-05
0.0
0.0
0.0
0.0008202741221889992
3.896193636679601e-06
0.0
0.0
0.0
0.0009577258358168944
0.00026884456328338284
0.0
0.0
0.0
0.0010566568838627855
0.0
0.0
0.0
0.0
0.0
0.0
0.0
0.0
0.0
1.3363104933318176e-05
0.0
0.0
0.0
0.0006413852727588688
0.0
0.0003960916438699171
0.0
0.0
0.0
0.0
0.0
0.0
0.0
0.0
0.0
0.0
0.0
0.0
0.0
0.0
0.0003452237625986288
0.0
0.0
0.0007819895370449397
0.0
0.0
0.001763358506694027
0.0002863421339429059
0.0
0.00033041511749360114
0.0
0.0004627520070808286
0.0
0.0005104023857538235
0.0
0.0
0.0
0.0
0.0
0.0002428839934911775
0.0
0.0015774131840054926
0.0
0.0
0.0
0.0
0.0
0.0
0.0
0.0
0.0
0.0002929679109315622
0.0
0.0
0.0
0.0
0.0
0.0
0.0
0.0
0.0
0.0
0.0
0.0
0.00022251416197539126
0.0
0.0
0.0
0.0
0.0
0.0
7.566322768310471e-05
0.0001527685304454359
4.188966932350736e-06
0.0005073628862788658
0.0
0.0
1.2030896476082799e-05
0.0
0.0
0.0
0.0
0.00029094805011151847
0.0007875939501657366
0.0
0.0
0.00041226544364727374
0.000834896701521643
0.00016195912361798823
0.0008665231873123173
0.0
0.0
0.0
0.0
0.0
0.0
0.0
0.0
0.0004135268664143477
0.0
0.0003374070933425047
0.0
0.000158787168482062
2.179825669229787e-06
0.0
0.0
0.0
0.0
0.00021441339555237167
0.0
1.3449476662015105e-05
0.0
0.000463301313894347
0.0
0.0
0.0007824457879684422
0.0015769455780911409
0.0
1.2417351155335626e-05
0.0
0.0
0.0
0.0
0.0
0.0
0.0
0.0
0.0
0.0
0.0
0.0
0.0
0.0
0.0004531203239292968
0.0
0.0
0.0
0.0
0.0
0.0
0.0
0.0
0.0
0.0
0.0
0.0
0.0
9.6539327018285e-06
0.0
0.0
0.0
0.0
0.0
0.0
0.001556617457289431
9.955655195664148e-05
4.852176079037477e-05
0.0
0.0
0.0
0.0003885006920282653
0.0
0.0
0.0
0.0
0.0
0.0
0.00019909318864507196
0.0
0.0
0.0
0.0
0.0
0.0
0.0
0.0
0.0
0.0
0.0
0.0
0.0
0.0
0.0
0.0
0.0
0.0
0.0
0.0
0.0
0.0
0.0
0.0
0.0
0.0002706799592090763
0.0
0.0
0.0
4.582499223619507e-06
0.0
0.0
0.0
0.00021564753305207147
0.0007642272845257821
6.71217889128195e-06
0.0
0.0002395983088049266
8.019873835123344e-06
0.0
0.0
0.0
0.0
0.0
0.0002838116339648726
0.0
0.0
0.00033245325346331465
0.0
0.00040089069150620564
0.0
7.0386189827304925e-06
0.0
0.0
0.0
0.0
0.0
0.0
0.0
0.0
0.0
0.00015944168416510718
0.0
0.0
0.0004254459199531895
0.0010904966719670825
0.0
0.0009596202786898971
0.0
0.0003772403682842754
1.7974834490362236e-05
0.0
0.0
6.7259948172307045e-06
2.8342630691369075e-05
0.0003245467761022726
0.0005735824267267016
0.0
0.0
0.0007491025356500387
0.0
0.0
0.0
0.0
0.0
0.0
0.00011208783781051923
0.0
0.0
0.0
0.0
0.0
0.0
0.0004544702897190621
0.0011964780235265173
0.0
0.00028299163354007355
0.0006712602556992991
0.0
0.0
0.0
7.692726947578336e-06
0.0
0.0
0.0006090132066046319
0.0
0.0
0.0
2.179825669229787e-06
8.176434426748834e-06
1.6144460970066412e-05
0.0
0.0
0.0
0.0
0.0
0.0
0.0
0.0
0.0007091875804282862
5.836674011910882e-05
0.0
0.0
0.0005150336008093547
0.0
0.0
0.00010450222199590264
0.0
0.0
0.0
0.0
0.0
0.0005703801240148278
0.00046962923326517535
0.0
0.0
0.0013608955230959684
0.0
0.0
0.00026566510873651605
0.0
0.0
0.0
0.0
0.0
0.0
0.0
0.0
0.0004252086735909462
0.0
0.0
0.0005368758370261778
0.0
0.0
0.0
0.000505387601384456
0.0
0.0004030680556597341
0.0
0.0
0.00047991469638785576
0.0
0.0
0.0
0.0
2.310495340797827e-06
0.0
0.0
0.0
0.0
0.00035901820945342
0.0
0.0014093087916814124
0.0
0.0
0.0
0.0005234106333906751
7.553824418478195e-05
1.544731170704833e-05
0.0
0.0
0.0
0.0002849655322475472
0.0
0.0
0.0
0.0004922144731902508
0.0002561411429419062
0.0
0.0
0.0
0.0
0.0
0.00023912532588911547
0.0
0.0
0.0
0.0
0.0006010390684652422
0.0
0.0
0.0
0.0
0.0
0.0
0.0
0.0
0.00010432460766851849
0.0
0.0009071924291039378
0.0003519779446795798
0.0
0.0
0.00038190024124878084
0.0
0.0
0.0
0.0
0.0
0.0004279185192163087
0.00043070353932985004
0.0
0.0
0.0
0.0
0.0
0.0
0.0
0.0
0.0
0.0004282322598491315
0.000564069597219258
0.0
0.0
0.0
0.0005188603798853379
0.0
9.6539327018285e-06
0.0009027180794804757
0.0
0.0
0.00019512640710582458
0.0
0.0
0.0
0.0
0.0
0.0004137108232861316
0.0
0.0
0.0011723267851920433
9.268387024228997e-05
0.0
0.0005422478016181768
0.0
0.0002956815807605877
0.0
0.0
0.0
0.0
0.00012604726556402255
0.00016627990916260265
0.0
0.0
0.0
0.0
0.0
4.634193512114498e-05
0.002064504656374763
4.634193512114498e-05
9.6539327018285e-06
0.0
0.0005624378527144731
0.0002586590596029771
0.0
0.0
0.0
0.0
0.00041049871389579667
0.0
0.0
0.0
0.0
0.0
0.0
0.0
0.0
0.0
0.00011112323372375823
0.0
0.0006856196386622732
0.0005314563011319853
0.0
0.0
0.0
0.000308680123170014
0.0
0.0
0.0
0.0005605067508507091
2.014866744397608e-06
0.00013460262972516199
0.0
4.0771014318647044e-05
1.9449936507277326e-05
1.5347437745556204e-05
0.0
0.0
0.0
0.0
0.0
0.0
0.0
0.0005091086025827485
0.0
6.349141739019476e-05
0.0
6.252094597349479e-06
0.00013501575288420636
0.0
0.0
0.0
0.0
0.00035115184883352556
0.0
0.0
0.0
0.00025987667670088454
0.0
0.0
0.0
0.0
9.607050249298188e-06
0.0
0.0
0.00022781068388238196
0.0
0.0
0.0
0.0
0.0
1.1636597573055548e-05
0.0
0.0
0.0
1.4860981132201421e-05
0.0
0.0
0.0
0.0
0.0
0.0004217141998087778
0.0
0.0
0.000545631421532211
0.0
0.0
0.0
0.00025752548377132875
0.0
0.0
0.0
0.0
0.0
0.0002116954634432451
7.420437016059768e-06
0.0
0.0
0.0
0.0
0.0
0.0
0.0
0.001327353094768599
0.0
8.370898085066156e-06
0.0
0.0023286111816212597
0.0
4.634193512114498e-05
0.00011028218430778577
0.0
4.652804731038653e-05
0.0
0.0
0.00015262237588723325
0.0
0.0006462616579027399
1.6179010852349805e-06
0.0
0.0
0.0
0.00030504188144713884
0.0
0.0004942882179544317
0.0
0.0002602260515683605
0.0
0.00023181054942563237
0.0
0.0007735689451802077
0.0
0.0
0.0
0.000554942997515638
0.0003968469562619823
0.0003350833450626156
0.0
0.0
0.00012581880057770442
0.0013157455719886631
0.0
0.0
0.0
0.00038488483685715724
0.0002657230797061701
0.0003850099577081075
0.0
0.0
0.0
0.0
0.0
0.0
0.0
0.0
0.0006849781607525549
0.0
0.0005104334725935957
0.0
0.0014006119610985093
0.0
0.0
0.0001048472209880775
0.0
0.0
0.0
0.0
0.0
0.0
8.859639280244715e-06
7.41428314771758e-05
0.0
0.0
0.0
0.0002535953749937077
0.0
0.0
0.00028172569998419943
0.0
0.00011023569446782067
0.0
9.150251921289318e-06
6.620276445877855e-06
0.0
0.0
0.0
0.0
0.0
0.0
0.0
0.0
0.0
0.0009132020195643594
0.0
0.0
0.00031480766968973185
0.0
0.0004934250097039124
0.0
0.0
0.0
0.0
0.0
0.0
2.6792176035227536e-05
0.0
0.0
0.00125685510570657
0.0
0.0004672854611016467
0.0
0.0
0.0
0.0
0.0
0.0
0.0
8.192373255340516e-05
0.0
0.0
0.0010920420644304565
0.0
0.0
0.0
0.0001985039414279703
0.0
0.0
0.0
0.0
0.0
0.0
0.0
0.0001349480006543632
0.0
0.00021471049175043192
0.0
0.0
0.0
3.5385568295997284e-05
0.0
0.0
0.0007086451924430441
0.0
0.0
0.0
0.0
0.0
0.0010724639947506903
0.0
0.0
0.0
0.0
0.0
0.0
0.0
0.00017739315514213333
0.0
0.0
0.0
2.4230939087926525e-05
0.0
0.0005031505478220883
0.0
0.00018481600733190226
0.0
1.4837307391140105e-05
8.753476633994052e-06
0.0
0.00018321907211288642
4.163018561923484e-05
2.3165818125538343e-05
9.668684837271521e-05
4.738667456709778e-06
0.0
0.0
0.0
0.0
0.0
0.00014718806458445413
0.0002478448891894262
9.101881881385261e-06
0.0
0.0
0.0
0.0
0.0
0.0
0.0
9.6539327018285e-06
1.8926304163270645e-05
0.0
0.0
0.0
0.0006225392009799427
0.0
0.0
0.0
4.634193512114498e-05
0.0005095763671645355
0.0003880915547654187
0.0005420565455771558
0.0
0.0
0.0
0.0
0.0
0.0008868190988737503
0.0
0.0
0.0006067991684670228
0.00022781068388238196
0.0
0.0
0.0
9.398450287484605e-06
0.0
0.0
0.0
0.0
0.0
0.0
0.0
0.0008603995225541596
0.0
0.0
0.0
0.0001988131115446493
0.0
0.0
0.0
0.0
0.0002694208607356814
0.0
0.00019527633354929854
0.0001493363583358056
0.00038853998556517084
0.0
0.000541793804425157
0.0
0.0
0.0
0.0
0.0
0.0
0.0
0.0002294632339527271
0.0
5.132418035829882e-05
1.2195246084511838e-06
0.0005512083233385998
0.0
0.0
0.0
0.0
0.0
4.634193512114498e-05
0.0
0.0
0.0
0.0
2.2560995624682695e-05
0.0005062068826300268
0.0
0.00041960155581048376
0.00019924073601938522
0.0003567999278756126
0.0
0.0
4.742724154141926e-05
0.0
0.0
0.0
0.0
0.0
0.00022062346978743896
0.0
0.0
0.0
0.00032393767913409114
0.00045207023382605303
0.0008766411474868109
4.641815540917318e-05
0.00019508648496259422
0.0
0.00045566626029398604
0.0
0.0006465236769647114
0.0001336735345460928
0.0
6.259981893507509e-06
0.0
0.0001834892472200504
0.00042684602843301873
0.0
0.0006698270931359905
0.0
0.0
0.00019636490299956667
0.0006307494218729682
0.0005041334960551748
0.0
0.0
0.0005860929603381395
0.0
0.00018681066883122644
0.0003054759718534621
0.00042995935144655816
0.0004841705054625212
9.457537779825506e-07
0.0
0.0
0.00016682539201737034
0.0
0.00012668230097628882
0.00022781068388238196
0.0008452372472351576
0.0
0.0
0.0003173128054952855
0.0
0.0003630873451699968
0.00011814994929201081
0.0
0.0
0.0
0.0
0.0
0.0
0.0
1.401768568294386e-05
0.0
0.0
0.00017919923126448416
0.0
0.0
0.0
0.0007435661016559271
0.0005194078618449816
0.0
0.0
0.0
0.0
0.0
0.0
0.0
0.0
0.0
0.0006285954530689529
1.0532257982078406e-06
0.0
0.0
0.0
0.00042052688669415615
0.0
0.00042516782312084894
0.0
0.0005208874648255018
0.0
0.0
0.0
0.0
0.0
0.0
0.0
0.0
0.0
0.0
0.0
0.00023915955379448864
0.0
0.0
0.0005514819336518756
0.0
0.00025804429280874304
0.0
0.00016248184647735565
0.00012986924272483672
0.0
0.0
0.000276455444257805
0.0
0.0
0.0
0.0
0.0
0.0
0.0
0.0
0.0005545543129781093
0.0
5.348045821024629e-05
0.0
0.0
0.0
0.0
0.0
0.0004485466571990777
0.0
0.0
0.0
1.0989020309590057e-05
0.0
9.707653877698524e-05
1.3259500842360182e-05
0.0
6.999518948852674e-06
0.0
0.0
0.0
0.0
0.0
0.0
0.0
0.0
0.0
0.0
1.3310480229521245e-05
0.0
0.0
0.0001951263015336578
0.0
0.0
0.0002796203760427555
0.0
0.0003395961647619298
0.0003408754585525103
0.0
0.0008619985067054865
0.0015686640726136811
0.0
0.00022781068388238196
0.0
0.0
0.0
0.0
0.0
0.0
0.0
0.0
3.338922033573179e-06
0.0
0.0001585693562926959
0.0
0.0
0.0
0.00022275395774733225
0.0
0.0
0.00039397796933363934
0.0
0.0
0.0
0.0
0.0
2.1257768404194947e-07
0.0
0.00033029765824496435
0.000925366230756771
0.0
0.0
1.8912048285777294e-05
0.0
0.0
0.0
0.0
0.0
0.0
0.0
0.0
0.0
0.000911242735529528
0.0
0.0
0.0
0.0
0.0
0.0
0.0
0.0
0.0
0.0
0.0
0.0
0.0
0.0
0.0
0.0
4.634193512114498e-05
0.0
0.0
1.544731170704833e-05
0.0
0.0
0.0
8.689506194506987e-05
7.011536970822825e-06
0.0002544902611818415
0.00039859353416185053
0.0
4.634193512114498e-05
1.6148564348480828e-06
0.0
0.0
1.1039778310135012e-05
0.0
0.0
0.0
0.0
0.0
0.0
0.0
0.0
0.0008369974034501744
0.00103605893418481
0.0
0.0
0.0
0.0
0.0
0.0
0.0
0.0
0.0
0.0
0.0
0.0
0.0
0.0
0.0
0.0006032333899606153
0.0
0.00030038999319617496
0.0
0.0
0.0
0.0008449820026501511
0.0
0.0
2.5145404730078452e-05
1.965667263363071e-05
0.0
0.00011897797440879327
0.0
0.0
0.00015173552074349342
0.0003484736515032827
0.0
0.0
0.0
0.0
0.0
0.0
0.0
0.0
0.0
0.0
0.0
0.0
0.0
0.0
0.0
0.0
0.0
0.0
0.0
3.906830981639565e-05
0.0
0.0
0.0
0.0
0.0
0.0
0.0
0.0
0.0
0.0
0.0
0.0
0.00024412619884442427
0.0
0.0
0.0003000706902617372
0.0
0.0
0.00022781068388238196
2.4390492169023676e-06
0.0003520780004660337
0.0
0.0004736369528945928
0.0
4.188966932350736e-06
0.0
0.0
0.0
0.00016200766423281196
0.0
0.0003601273077766832
0.0
0.00024077150749664397
0.0
0.0
0.0002188928037422694
0.0
0.0
0.0
0.0001732117560427064
1.111482109724856e-06
0.0003366128648671575
0.0
0.0
0.0
0.0
4.634193512114498e-05
1.4215317521823615e-07
0.00017229937367466456
0.0
0.00024774859964202066
0.0
0.0
0.0
0.0
0.0
0.0
0.0
0.0
0.0
0.0
0.0
0.0
0.0005472177225814826
0.0
0.0009590424460558743
2.8963709450715614e-06
0.0
0.00031165832209317665
0.0003996789810926938
5.733906688489375e-06
0.0
0.0
0.0
0.0
0.0
7.289862257532339e-05
0.00013495397044959026
0.0
0.0
0.0
0.0007997755630498031
0.00041958801208922907
0.0010532404932953408
0.0
0.0
0.0
0.0012597650866616914
0.0004365423780956646
0.0
5.733906688489375e-06
0.0
0.000532686427486294
0.0
0.0
0.0
0.0
0.0
0.0
0.0
0.0
0.0
0.0
0.0
0.0
0.0
0.0
0.0
0.0
0.0
0.0
0.0
0.0002569806186917511
0.0
0.0
0.0
0.0
0.0
0.0
0.0
0.0
0.00038497483425652845
0.00022781068388238196
0.0
2.433898921459177e-05
0.0
8.466740708800127e-06
0.0
0.0
0.000707113262323698
0.0
0.0
0.0005075168936538762
4.873091289398037e-06
0.00019276311888105505
0.0
0.00015375039268527546
0.0
0.0
0.0
0.0003577766732561601
0.00034487084954119834
0.0
0.0
0.0002344364445924866
0.00044901366490833223
0.0
0.0
0.0
0.0
0.0
0.0
0.0
0.0
0.0
0.0
0.0
0.0
0.0
0.000806961858567837
0.0
0.0
0.0
5.266128991039203e-07
5.733906688489375e-06
0.0
0.0
0.0
0.0
0.0
0.0
4.8432144386493816e-05
2.445165212081065e-05
0.0
0.0
0.0
0.0
0.00047112355894458907
0.0
0.0
0.0
0.0
0.0
0.0
0.0
0.0
4.7133783010361374e-05
0.0
0.0
0.0
0.0
0.0007929902642579968
0.0
0.0003777200391005781
0.0
0.00017663774007885058
0.0
0.0001632928983922407
0.0
0.00027809519831424823
0.0
0.0
0.0
0.0
0.0
1.6301811237777114e-05
0.0
0.0
0.0
0.0
0.0
0.0
0.0
0.0
0.0
0.0
0.000389156063643387
0.0
0.0
0.0
0.0
0.00018563779732909869
8.275345557347318e-07
4.687051504661722e-06
0.0
0.0
0.0
0.0
0.0
0.0
0.0
0.0
0.0
0.0
0.0
0.0
0.0
0.0
0.00013055992419743446
5.180024512041879e-05
0.0002892360671915335
0.0008787870226801473
0.0005676377639586941
0.0
0.0
0.0002744896501349069
6.729008948737147e-05
0.00012427954646812174
1.4462151521649838e-05
0.0
0.0
0.0
0.0
0.0003540067845897015
0.0
0.0
0.0
0.0
0.0
0.0
0.0
0.0
0.0
9.235705188859224e-05
9.425929702975003e-06
0.0
0.0001565763118933091
0.00016389894514395634
0.0001586504539034688
0.0
0.0002760836865595368
0.0005067766876950848
0.0
0.0
0.0
0.0
0.0
2.3729701650548543e-06
0.0
0.0
0.0
0.0
0.0
0.0002410186473428866
0.0
0.0
0.0
0.0
0.000687032218822625
0.0
0.0
0.0
0.00034119812776636316
0.0
0.0
0.0
6.970077910676352e-05
0.0
0.00012854542524648124
0.0
0.003668932460972801
0.0
0.0
0.0
0.0
0.0
0.0
0.0
0.0
0.0
0.0
0.0
0.0
0.0
0.0
0.0
0.0
0.0
0.0
8.83453384468223e-06
2.4094591889515048e-05
0.0008474908946897505
0.0
2.5745519511747215e-06
0.0
0.0
0.0
0.0
0.0
0.0
0.0
0.0
0.0
1.2524847330039184e-06
0.0
4.634193512114498e-05
0.0
0.0
0.0
0.0
0.00029674225853245305
7.881667699783472e-05
0.0
0.0
0.0
5.7236405261346385e-05
4.634193512114498e-05
0.0
0.0
0.0001854347303582248
0.0
0.00017677207592236102
0.0006657808190474367
0.0
0.0
0.0
0.00030397634047466714
2.5745519511747215e-06
2.1257768404194947e-07
0.00015241880805248447
0.0
0.0
0.0
0.0
0.0
0.0
0.0
0.0
0.0
0.00018797617685426834
0.0002938637220244596
0.0004396672455705763
0.0
0.0
0.0
0.0
0.0
0.0
7.386142173490952e-06
0.0
1.596085214384529e-05
0.0
0.00019905245548690976
0.0
0.0
0.0
7.051829782723898e-06
0.0006000948081717379
0.0
2.401399177354169e-05
0.0
0.0017324496418958146
0.0
6.190858868590107e-07
0.0
0.0007205667839988163
0.0
0.0
0.00024387108469794524
0.0013591839519084615
0.0
5.346998519189708e-05
0.0002292055974757528
0.0006105642392567408
0.0
0.0
0.0
0.0
0.0
0.0
0.0
0.0
7.083409254773343e-05
0.0
2.317096756057249e-05
4.0650820281706126e-07
0.0
4.988404660362169e-05
0.0
0.0
0.0
0.0
0.0
0.0
0.0
0.0
0.0
0.0
0.0
0.0020304622035935208
0.0008257414443959044
0.0
0.0
0.0
0.0
6.246172945172402e-05
0.0
0.0
0.0
0.0
0.0
0.0
0.0
0.0
0.00015312403161887612
0.0
0.0
0.00029119857780840876
0.0
0.000258469903517004
0.0
0.0
0.0
0.0
0.0
0.0
0.0
0.0005244753070764614
0.0
0.00012479894835015892
0.0004594143778230567
0.0
0.0
0.0
0.0
0.0
0.0
0.0
0.0
0.0
2.2427964897413262e-05
7.540853245992431e-06
0.0
0.0
0.00023728188540727963
0.0
0.0
0.00018422057918782983
0.0
0.0
0.0
0.0006497695951731015
0.0
0.0
0.0
0.0
0.0
0.0008222831228192423
0.0010184737847027713
0.0
0.0
0.0
0.0003264892638816691
0.0
0.0
1.324055289175571e-06
9.177937689971935e-05
0.0
0.0
0.0
0.0004139577651397123
9.123704111880042e-06
0.00040675342346742637
0.0
0.0
1.1235209380865534e-05
0.0
2.2626317036834607e-05
0.0
7.656649044881991e-05
0.0017183171102284835
0.00011764160273163799
0.0
0.0
8.607692024294815e-05
0.0
0.00041282574428880807
0.0
0.0
0.0
0.0
0.0
0.0
0.0
0.0
0.0
0.0
0.00028841060590094824
0.0003448975671560908
0.0005212885161374236
5.971785748215678e-06
0.0
0.0
0.0
0.0
0.00013376022105099296
0.000127233602227177
0.0
0.0
4.634193512114498e-05
0.0
0.0
0.0
0.0
0.0
0.0
0.0
0.0003851750155218187
0.0
0.0
0.0
0.0
0.0
0.0
0.0005116179228157991
0.0
0.0
0.0
0.0
0.0
0.0
0.0
0.0
0.0010156445678874476
0.0
9.268387024228997e-05
0.0
0.0
0.0
0.0
0.0
0.0
0.0
0.0
4.634193512114498e-05
0.0
0.0
0.0
0.0
9.970429828440563e-05
0.0
5.561032214537398e-05
0.0
0.0
0.0
0.0
0.0002076017649499338
0.0
0.0
0.0001021158697310374
0.000449345002804992
0.0
0.00023385757480628506
0.0
0.0
0.0
0.00010949960860439593
4.0650820281706126e-07
0.0
0.0
0.0005498892835021503
0.0
0.0
0.0
0.000225231188294775
1.5353048624936878e-05
0.0
0.0
0.0
0.0
0.0
0.0
0.00017099886389988908
0.0
0.0
0.0018430379649535796
0.00012544030626546423
0.0
0.0
0.0
0.0
0.0
0.00027867246717574074
0.0
0.0
0.0
0.0004394276474106946
0.0
0.0
0.0
0.0
0.0
0.0
0.0009011974245586245
0.0003742801920331459
0.0
0.0002681899781537868
6.186027698317386e-05
0.0
0.0
0.0
0.0
0.0
0.0
0.0
0.0
0.0
0.0007894264621245616
0.0
0.0
0.0
0.0
0.0
0.0
0.0
0.00026996009758702757
0.00042434481131414824
0.0
2.4420499976358752e-05
2.1257768404194947e-07
0.0
0.0
0.0
0.0
0.0
0.0
0.0
0.0
6.749005356776042e-06
0.0
0.0
0.0
0.0003708391123672432
0.0
0.0
0.0
0.0
0.0
0.0
0.0
0.0
0.0
0.0
0.0
0.0
0.0
0.0
4.500258945023194e-05
9.83825472836979e-06
0.0
0.0
0.0
0.0
0.0
0.0
0.0
0.0
6.062866595544972e-06
0.0
0.0
0.0
0.0
0.0
0.0
0.0010523507816284007
0.0
0.0
0.0
0.0
0.0
0.0
0.0002733188524446569
0.0
0.0
0.0
0.0
0.0
0.0
0.0
0.00047499558094719647
0.0
0.0
0.0
0.00024896075692413004
0.0004353732173635233
0.0
0.0
0.0
0.0
0.0
0.0
0.0
0.0
0.0
4.732982130621353e-05
0.0
4.582499223619507e-06
0.0
0.0
0.0
0.0
0.0
0.0
0.0
0.0
0.00041187864237188736
0.0
0.0004395607388604004
0.000410225451786199
0.0
0.0
0.0
0.0
0.0
0.0
0.0
0.0
0.0
0.0001559977747919517
1.8926304163270645e-05
0.0
0.0
0.0
0.0006919329458630695
0.0
2.681416523391479e-06
0.0
2.9934657875881914e-06
2.317096756057249e-05
0.0
0.0
3.898607240350292e-06
0.0
0.0
0.0
0.0
0.0
0.0
0.0
0.0
9.039560898591734e-05
0.0
0.0
0.0
0.0
0.0
0.0
0.0
0.0002901024450268966
0.0
0.0
0.0
0.0
0.0
0.0
5.9179375933526884e-06
0.0
0.0
0.0
0.0001980955339790611
0.0
0.0
0.00038093689663411305
0.0
0.0
0.0004334015848876779
0.0
0.0
0.00023462836586534444
0.0
0.00022456919439530144
0.0
0.0003203401521907003
0.0
1.8708373733070212e-05
0.0
3.73407192323329e-06
0.0003119873403618921
0.0
0.0
0.0
0.0
0.0
0.0
0.0
0.0
0.0008877309404098088
0.0
0.0
0.0
0.0
0.0
0.0
0.0
0.0001772427739774653
1.8607293381385954e-05
0.0
0.0
0.0
8.502256134907532e-06
0.0
0.00015026657166660278
0.00033875479697961975
0.0
0.0
0.0
0.0
3.384802994884918e-06
0.0003369046249378851
0.0
0.0
0.0
0.0
0.0
0.0
0.0
0.0
0.0
0.0
0.0
0.0
0.0
0.0
0.0
0.0
0.0
0.0006949691920521999
0.0
0.0
0.0
0.0
0.0
0.0
0.0
0.0
2.4180863439672458e-05
8.275345557347318e-07
0.0
0.0
0.0
4.634193512114498e-05
0.00013836424743791687
8.275345557347318e-07
0.0
0.0
0.0
0.0
0.0
0.0004893730859939659
0.0
0.0001529715272095861
0.0
0.0
0.00011885362772862378
0.0
2.1859681910177778e-06
0.0
0.0
0.0
0.0
0.0
0.0
0.0002868903086517123
0.0
0.0
0.0
0.0
0.000125193098977848
0.0
0.0
0.002022382216810298
0.0
3.4905614223321056e-06
0.0002914874214570083
0.0
0.0
0.0
2.317096756057249e-05
0.0
0.0
1.7163679674498142e-06
0.0
0.0
0.0
0.0
0.0
0.0007248676005391734
2.1665061331565347e-06
0.0
0.0
0.0
0.0
0.0
0.0
8.259818694081734e-06
0.0
0.0
0.0
0.0
0.0
0.0
0.0
0.0
0.00025983955479943273
0.0014901784896639966
0.00022781068388238196
0.0
0.0005197229138432697
0.0
0.0
0.0
0.0022276469325802958
0.0
0.0
2.4390492169023676e-06
0.0
0.0
0.00034607590796145396
3.8537473959066256e-05
0.0
0.0006105583383171512
0.0
0.00042549283487646166
1.7841489326461885e-05
1.2524847330039184e-06
0.0
0.0
0.0
0.00045629044225506366
0.0
0.0
0.0
2.5813810014430893e-06
1.3441877842131155e-06
3.73407192323329e-06
0.0
1.544731170704833e-05
2.5524494257484378e-05
0.0
0.0
0.0
0.0
0.0
0.0002658249189450814
0.0
0.0
0.0
1.2222004330980176e-05
0.0
0.0002469066482389318
0.00012594870006703098
0.0
0.0
0.0
0.0006105394477087522
1.6147090259254267e-05
0.0
0.0
0.0
0.0
0.00035157830103609385
0.0
0.0
0.0
0.0
0.0
0.00023097020815158846
0.0
0.0
0.0
2.317096756057249e-05
0.0
0.0
0.0
1.2380646935368081e-05
0.0
0.0
0.0
0.0
0.0
0.0
0.0
0.0
0.0
0.0
0.0
0.0
0.0
0.00048826597191803356
0.0
0.0
0.0
0.0
0.0
0.0004976528000768214
8.275345557347318e-07
0.0
0.0
0.0
0.0
0.0
0.0
0.0
0.0
0.0
0.0
0.0
0.0002630258930909978
0.0
0.0
0.0
0.0
0.0
0.00026013724776816955
0.0
0.0
7.242645795079621e-06
0.0
0.00024977612030986017
8.275345557347318e-07
0.0
0.0
0.0
0.0004983681291395531
0.0
0.0
0.0012027681278999314
0.0002266275984761624
0.0
0.00034200653600066194
0.0
0.0
1.2524847330039184e-06
0.0
0.0
0.0
0.0
0.0
0.0
0.0
0.000490459737392244
0.0
0.0003789845668553029
0.0
0.0003703456416805586
0.0
0.0
0.0
0.0
0.0
0.0
0.0
0.0
0.0
0.0
0.00039935804289588904
0.0
8.275345557347318e-07
0.0007183698929216711
0.0
0.0009482194578189287
0.0
0.0
0.0
0.0
0.0
0.0
0.0
0.0005015592357137984
0.0
4.253235422468875e-05
0.0
0.0
0.0
0.00025265454389905996
0.0008508552230481298
0.0
0.0
0.0
0.0
0.0
0.0
0.0
0.0010641618979662364
0.0
0.0
0.0
0.0
1.7519701816351405e-06
0.0
0.0
0.0
0.0
0.0
0.0
0.0
0.0
0.0009574529364095689
0.0006093636249261162
0.0
0.0005315505847042965
0.0
0.0
0.0
0.0
0.0
7.97678842853738e-05
0.0
0.0
0.0001408872187419013
0.0
0.0004900852975164206
0.0
0.0
0.0
0.0
0.0
0.0
0.0
0.0
0.0
0.0
0.0
0.0
0.0
0.0
0.00020052827936220422
0.0
0.0
0.0
8.275345557347318e-07
0.0
0.0
0.0
0.0
0.0
0.0
0.00110549376364458
0.0
0.0002518230790267029
0.0
0.0
0.0
0.0
4.634193512114498e-05
0.0
0.0
0.0
0.0
0.0003930795696345581
0.0
0.0
4.634193512114498e-05
0.0
0.00030930138424046545
0.0
8.275345557347318e-07
8.275345557347318e-07
0.0
0.0
0.0
0.0
0.00030522553521625224
0.0
0.0
0.0
0.0
0.0
0.0
8.275345557347318e-07
0.0
0.0
5.76132587959953e-06
0.0
4.634193512114498e-05
0.0
0.0
9.613206374667736e-05
0.0
0.0
0.0015479043913690688
0.00021557586576784633
0.0
0.0
0.0
0.0
0.0
0.0
0.00031460382893213127
0.0
0.0
0.0
0.0
0.0
0.0
0.0
0.0
0.0
0.0
0.0
0.0
0.0
0.0
0.0
0.0
0.00019990127694980561
0.0
4.634193512114498e-05
0.0
3.861827926762082e-06
0.0
0.0
0.00024980361611738795
0.0
0.0
0.0
0.0
0.0
0.0
0.0
0.0
0.0
0.0
0.0
0.0
0.0
0.0
0.0
0.0
0.0
0.0
0.0
0.0
0.0
0.0
0.0
0.0
0.0
0.0
0.0
0.0006747649707555604
6.207304247980461e-05
0.00012484583498271104
0.00021245285975286007
1.8611218924154613e-07
0.0
0.0004395681501893197
0.0
0.0
0.0
0.0
0.00013666749878598716
0.0
6.0509876059692495e-05
0.0
0.0
0.0
0.0
0.0
0.0
0.0
0.0012995224771173025
0.0
0.0
0.00026857956936227805
2.2809178263876992e-05
0.0
0.0
0.0
0.0
0.0007881365230179825
0.0
0.0004649131869461197
0.0
0.0
0.0
0.0
0.0
0.0
0.0
0.0
0.0007243212642367623
0.0
0.0
0.0
0.0
0.0
0.00021834907045694356
0.0
0.0
0.0
4.0650820281706126e-07
0.0
0.00017102507254693745
0.0
0.0006222583784286406
0.0
0.0
0.0
0.0
0.0002833841366627025
0.0
0.0
0.00017707796010910722
7.622028802819899e-08
0.0
0.0
0.0
0.0
1.5447311707048328e-06
0.0
0.00021082416061280065
0.0
0.0
0.0
0.0
3.3101382229389274e-06
0.0
7.25479998121088e-05
0.0
0.0
0.0
0.0
0.0
0.0
0.0
0.0
0.0
5.36008867056023e-06
0.0
0.0
0.0
0.0
0.0
0.0
0.0
4.188470961239336e-05
6.942269591884148e-06
1.4307200041747771e-05
0.00017792499190710925
0.00013224554168560004
9.223808247767684e-06
6.687147925129146e-08
0.0003758172383323634
4.634193512114498e-05
7.048010682982555e-06
0.000358385448586621
0.00018957724041431407
0.00015122081962182758
0.0009458258089882021
0.0005167356407409205
0.00047320428019946
0.00014768852091212313
