4037      
2625      
6634      
15        
2398      
2328      
5412      
2470      
7632      
3089      
3352      
737       
4191      
3456      
2237      
5254      
6832      
7553      
2066      
1297      
7092      
4310      
4712      
6946      
6774      
762       
1186      
993       
2958      
6006      
2657      
4335      
4828      
665       
4735      
8042      
4875      
4256      
3537      
7620      
3238      
4261      
271       
5123      
3568      
5484      
1549      
3498      
825       
3084      
2485      
5079      
6784      
2871      
2535      
2654      
5404      
6334      
8163      
5459      
2565      
4400      
5543      
3562      
4600      
2859      
6059      
3334      
2746      
2651      
7809      
5022      
3897      
5226      
3321      
3034      
2576      
1633      
1211      
4040      
1726      
4531      
7961      
5563      
4981      
6330      
1842      
3005      
86        
1754      
5605      
3962      
2594      
7890      
3443      
4666      
7214      
3260      
28        
6124      
