4037        0.004492044615586879
2625        0.0036648728564223935
6634        0.003354819695022497
15          0.0027895469002289447
2398        0.0025343969078888183
2328        0.002318621700861401
2470        0.0022900626463650403
3089        0.002224467348421677
6946        0.0021371108235575765
3352        0.002127590657206057
5412        0.002111562059269978
4191        0.002063794424935293
7632        0.002041002997435735
7553        0.001963642912261059
737         0.0019301772697292092
1297        0.0019232176768897386
3456        0.00189979608301994
2237        0.0018963111496059818
5254        0.0018711163476239211
6832        0.0018644431621162771
2066        0.0018003147313544862
4712        0.0017141369548657492
762         0.001694005743453043
7092        0.0016911238808237656
1186        0.001678869805462416
4310        0.001672797577952147
6774        0.0015996437240822616
7620        0.0015878373394057831
2958        0.001557390292309177
4335        0.0015165488070174975
993         0.0014866956886735044
4828        0.0014822124888033696
3537        0.001479228390455864
4875        0.0014759027446164942
6006        0.0014690495233280827
2657        0.0014617268939645127
271         0.0014614332111604726
665         0.001452304154169914
1549        0.0014501713270109364
4735        0.0014328363426338883
4256        0.0014277062883368051
3238        0.0013689558034468464
5484        0.0013373643640817244
825         0.0013366793646956057
3498        0.0013363432066277358
2565        0.0013338781057659478
4261        0.00132336596160433
3568        0.0013061612333006318
5123        0.0013048311494375752
2654        0.001291953362513308
3084        0.001288373707715744
2485        0.0012648134108531176
5079        0.0012598976367219426
6784        0.0012591018862781027
5404        0.0012446991973248487
2535        0.0012446017173771394
2871        0.0012428450167008035
5543        0.0012243349178680332
6334        0.0012197342911433532
5459        0.0012101091290099234
3897        0.0012096573275132876
28          0.001206638863611054
8042        0.0011854399007880524
4400        0.001176007744727124
1842        0.0011680597785534515
2859        0.001164039291863729
6059        0.0011588916777602958
3562        0.00115846420283769
4600        0.0011541345894602408
2746        0.0011505371148517525
3334        0.0011503384495501327
2576        0.0011502008858855987
3034        0.0011464503992787238
5226        0.0011414876499928454
7809        0.001135754813897387
2651        0.0011178570320759089
5022        0.00110845413198743
3321        0.0010756073229825846
1633        0.001065721523957886
5563        0.0010647053243399171
4099        0.0010596346638610653
1211        0.0010551503776555103
1754        0.0010458323748147986
3459        0.0010432556485378247
8293        0.0010383418978377132
4040        0.0010366746751366124
4666        0.0010331776979541514
1726        0.0010282316630266404
4981        0.0010280098311330817
7961        0.0010268384560581907
4531        0.0010226396285874925
2516        0.0010206455742231427
6124        0.0010187760814156686
6330        0.0010140498714189428
5605        0.001010488491772464
3962        0.0010067816497352357
3005        0.0009993214484236707
7890        0.0009986493484955828
86          0.00099305986483706
7214        0.000989952241282129
