0.004550732870542234
0.0038389067407106443
0.0037939632814800958
0.0031500565396365534
0.0026700093580123985
0.0026125240340823686
0.0023801585959179043
0.002378478081444102
0.002280102590888385
0.0022573858550056086
0.0022279105224650183
0.0021811421613182284
0.002148065871332776
0.0021394843638331295
0.0021382402526779402
0.002117765940831326
0.002082829327689125
0.002076313954231851
0.002018868392261382
0.0019755212743103948
0.0018976974210833226
0.0018745699757955715
0.0018213169243569732
0.0017868695489858912
0.00178427159968606
0.001770614804111031
0.0017502946418847137
0.0016988265398066803
0.0016941825700132697
0.0016536410927445713
0.0016388296956853828
0.0016378819207605643
0.0016339312012346877
0.0016307674638741416
0.001629325978673391
0.0016176454451600432
0.0016114507733170783
0.0015558456931544287
0.0015535858362283842
0.001543002017483011
0.0015241686408347219
0.0014846831843604218
0.001474788012936579
0.0014626835643864907
0.001460287537857056
0.0014548453692819938
0.001445225272105937
0.001443901803835244
0.0014422936008184613
0.001441681574275945
0.0014296878671226866
0.0014153355517833065
0.0014108560307824816
0.0013978163443946995
0.001386441805742525
0.0013858367355667981
0.0013782886436032446
0.0013700116994354622
0.0013686121874778238
0.0013684404267467962
0.0013239681958762725
0.0013132444163460987
0.001309922159375013
0.0013067220728588168
0.001304743859014275
0.001295131828910337
0.0012871547360363464
0.0012858293900450952
0.001271044594515661
0.0012642179762905833
0.0012585638418371702
0.0012524728048888092
0.0012419654476783413
0.0012232446468630701
0.0012213300590571657
0.0012003322404248425
0.0011848160968210301
0.0011765910959125193
0.0011674864319786528
0.0011647828483279815
0.0011640940120778596
0.0011638177064846014
0.0011572146284814318
0.0011495835146959842
0.001146040929101983
0.0011388817538116444
0.0011386304332590275
0.0011337820062762092
0.001131644921521444
0.001130933494525677
0.0011268028538231217
0.0011191539358861068
0.001117335761660119
0.0011171248727178497
0.0011138865057701197
0.0011100189038969481
0.001106298979067508
0.0011047959508940846
0.00110433422322346
0.0010876897155553981
