2565        0.004333392828138482
11          0.0034049417407774943
766         0.00313949922736217
457         0.0029136251872146066
1549        0.0027943069276165165
4037        0.0026385401437313003
5524        0.0024536570835254744
1151        0.002257929017194871
2688        0.0021661809337730664
1374        0.0021441116520320223
2328        0.002142855465013629
3456        0.0019858753478613324
2237        0.0019663791662865747
2485        0.001834042638950758
1166        0.0017950516868006049
3352        0.0017876248393290778
1608        0.001750971652191015
2625        0.0017427870361425282
5079        0.0017304148069226882
15          0.001709172162348852
737         0.0016721878912644287
5022        0.0016546306320758038
993         0.0016388047079831597
4310        0.0015842194522855833
173         0.0015804105389739464
2651        0.0014734123346336078
2398        0.0014571826748145536
311         0.0014565440276275328
2871        0.0014548878404798233
4967        0.0014320875482250507
2658        0.0014264983089052295
3449        0.0014219103362666109
6           0.0014142839599572104
2972        0.0013740715608671515
2470        0.0013718017718116087
5254        0.0013709565457561514
5800        0.0013665699479240196
5697        0.0013634266318221394
5802        0.0013588286011309385
3642        0.0013575073870016928
1305        0.0013549555927191985
2576        0.0013525267883883153
5189        0.0013267198330915173
3453        0.0013125451962257796
813         0.0013084599123951673
1133        0.0012901007881680254
1542        0.0012883261436617633
310         0.0012793180871888902
996         0.0012714138636934443
789         0.0012558627116678609
5543        0.0012486418715110456
3447        0.0012480744639805992
1297        0.0012367006210693076
24          0.00123320657808196
2326        0.0012331860910990233
3787        0.0012310131289800916
6907        0.0012281524717293823
5188        0.0012062091434458487
4632        0.001203062512554251
4712        0.001201899152438724
36          0.0012018459126091636
988         0.0011917939855543033
1098        0.0011838383393897784
3586        0.0011816989512698276
5179        0.0011672225680275218
28          0.0011653802981073564
2660        0.0011651778338594525
600         0.0011450669973706393
1186        0.0011399096483720504
1319        0.001139045119724456
5531        0.0011381834978529287
2145        0.0011348042627483215
4045        0.0011185836734900756
6774        0.0011111067647343429
3568        0.0011080951845858361
2654        0.0011077272443059767
4828        0.0011061457533489715
826         0.0011054410178388597
312         0.001087390806280368
7092        0.0010818494223351852
4191        0.001081535389206116
1919        0.001076208809437224
2297        0.0010757463737911925
4099        0.0010753406407617667
306         0.0010712996988601212
1496        0.0010677771151351985
1428        0.0010674171472760702
3089        0.001051568681618304
86          0.0010494277980966896
271         0.0010447724830581126
3026        0.001041548830009956
2657        0.001039392862384843
3796        0.0010393662602430163
8           0.0010392324141750918
825         0.0010328585963318103
407         0.0010325972262490827
922         0.0010325353319968133
5002        0.0010323130671616829
1972        0.0010292477301798851
1492        0.0010291411824690125
