4037        0.004536638704781044
2625        0.0037192547222275715
15          0.0028074332212103493
2398        0.0025411799365366292
2470        0.0023459471658835314
2328        0.002345372395784138
6634        0.002277145331107012
3089        0.0022133934673319285
3352        0.0021287500198642626
5412        0.0021032906899185935
4191        0.002080181124808824
7632        0.001984128021146908
1297        0.0019574381605011425
737         0.0019338409984307966
2237        0.0019138876056045107
3456        0.0018948581427143103
5254        0.0018822095361470327
6832        0.0018591382724916325
7553        0.001779159983509061
2066        0.0017623515740650797
1186        0.0017194495015807327
762         0.0016999156795047057
7092        0.0016809608335580685
6946        0.0016742770423383026
4712        0.0016278781324751402
4310        0.001618719317988371
6774        0.00160587357376035
2958        0.0015754352252409368
7620        0.0015539768956248738
993         0.0015175966047874553
4335        0.0015022250045945136
271         0.001496855255868841
665         0.0014894930321511374
3537        0.0014892409607300745
2657        0.0014827906479609812
4875        0.0014704823361908557
1549        0.0014443765702385498
4828        0.0014429949070437808
6006        0.0014396958951282102
4256        0.0014396941205516072
4735        0.0014377492860664733
825         0.0013469248617669863
4261        0.0013438020004949934
2565        0.001339248434452803
3238        0.0013390859554906255
5484        0.0013213113022155654
2654        0.0013184047199895866
3568        0.0013113552091337727
2485        0.0012840928717684247
3084        0.0012810036928179078
2535        0.0012530359357739377
6784        0.0012500463499473392
2871        0.0012422535852529958
28          0.001233820074890364
5543        0.0012275018507246025
5404        0.0012168751674172698
5459        0.0012073395864188247
5123        0.0012036397436477797
1842        0.0011958456655462892
5079        0.0011801003411616785
3897        0.0011748534101739105
4400        0.0011718960775563955
3562        0.0011702684818378165
2576        0.0011644684017689077
4600        0.001163548141329477
6334        0.0011628335351800709
3034        0.0011533794850248072
3334        0.0011386287897424908
2651        0.0011236435165442374
2859        0.00112123190014937
2746        0.0011150951111777306
5022        0.001099552046045067
7809        0.0010965561964249677
3321        0.0010870350063681667
1633        0.001084165733849274
1211        0.0010683059530522318
5563        0.001065010518150638
4099        0.0010541557565600687
1754        0.0010517162682042388
1726        0.001050132270696207
3459        0.0010355245422264733
4040        0.001032639381196905
4666        0.00103200957982669
4981        0.0010229662797679713
86          0.0010166970013646371
3005        0.0010145428849940234
2516        0.0010123894735198395
4531        0.001011920651951916
8293        0.0010112990557221658
3443        0.0009982158671141162
7890        0.0009977575079595004
2594        0.0009972270531112383
2775        0.0009942543031348666
3962        0.0009940621836766438
6330        0.0009923733140956876
7214        0.0009912996849476535
3260        0.0009829256012351142
7021        0.0009723291610762132
5605        0.0009658851341551886
55          0.0009594789288943596
